1 0.48046875 0.4125 0.05 0.027777777777777776
1 0.694921875 0.41597222222222224 0.05390625 0.07083333333333333
1 0.794921875 0.39375 0.04140625 0.05138888888888889
1 0.6796875 0.30069444444444443 0.0375 0.04027777777777778
1 0.55859375 0.6916666666666667 0.0265625 0.027777777777777776
1 0.499609375 0.76875 0.06328125 0.05138888888888889
1 0.494140625 0.8180555555555555 0.04296875 0.03333333333333333
1 0.21328125 0.6548611111111111 0.040625 0.0625
1 0.168359375 0.8138888888888889 0.03359375 0.05277777777777778
1 0.1859375 0.2881944444444444 0.0296875 0.034722222222222224
1 0.247265625 0.09027777777777778 0.02890625 0.05555555555555555
1 0.59140625 0.3076388888888889 0.05 0.05416666666666667
1 0.820703125 0.7944444444444444 0.02890625 0.041666666666666664
1 0.717578125 0.7569444444444444 0.06328125 0.041666666666666664