1 0.355859375 0.32083333333333336 0.03359375 0.03888888888888889
1 0.467578125 0.40694444444444444 0.04140625 0.04722222222222222
1 0.36796875 0.4354166666666667 0.0421875 0.06805555555555555
1 0.15390625 0.43194444444444446 0.05 0.04722222222222222
1 0.396875 0.7611111111111111 0.0671875 0.041666666666666664
1 0.784765625 0.8020833333333334 0.03359375 0.05694444444444444
1 0.738671875 0.19652777777777777 0.04296875 0.029166666666666667
1 0.8265625 0.21944444444444444 0.053125 0.030555555555555555
1 0.1671875 0.7833333333333333 0.040625 0.030555555555555555
1 0.176171875 0.8326388888888889 0.02265625 0.029166666666666667
1 0.23671875 0.7125 0.021875 0.022222222222222223
1 0.911328125 0.6576388888888889 0.07109375 0.06805555555555555