1 0.666796875 0.6736111111111112 0.07265625 0.08611111111111111
1 0.86015625 0.6340277777777777 0.053125 0.05694444444444444
1 0.913671875 0.325 0.03359375 0.03333333333333333
1 0.5140625 0.21319444444444444 0.034375 0.034722222222222224
1 0.604296875 0.24444444444444444 0.04296875 0.03611111111111111
1 0.23203125 0.4173611111111111 0.0328125 0.05416666666666667
1 0.12734375 0.3229166666666667 0.0265625 0.043055555555555555
1 0.1328125 0.4423611111111111 0.04375 0.07083333333333333
1 0.13828125 0.7791666666666667 0.0625 0.03333333333333333
1 0.244140625 0.8361111111111111 0.02734375 0.025
1 0.53515625 0.8166666666666667 0.0359375 0.03888888888888889
1 0.662109375 0.8805555555555555 0.03203125 0.030555555555555555