1 0.28515625 0.3645833333333333 0.0375 0.04027777777777778
1 0.4046875 0.2652777777777778 0.0359375 0.03888888888888889
1 0.837890625 0.40555555555555556 0.03046875 0.03888888888888889
1 0.737890625 0.6590277777777778 0.05234375 0.06805555555555555
1 0.633203125 0.8965277777777778 0.02890625 0.043055555555555555
1 0.212109375 0.3194444444444444 0.06328125 0.10833333333333334
1 0.361328125 0.12222222222222222 0.03828125 0.044444444444444446
1 0.278515625 0.11736111111111111 0.01640625 0.03194444444444444
1 0.265234375 0.06458333333333334 0.01484375 0.043055555555555555
1 0.695703125 0.2923611111111111 0.01796875 0.05416666666666667
1 0.52890625 0.35555555555555557 0.0328125 0.05
1 0.5578125 0.30416666666666664 0.0203125 0.041666666666666664
1 0.70703125 0.56875 0.0578125 0.07916666666666666
1 0.43046875 0.6055555555555555 0.0828125 0.10833333333333334
1 0.596484375 0.5666666666666667 0.06796875 0.1361111111111111
1 0.030859375 0.6909722222222222 0.05859375 0.07083333333333333