1 0.811328125 0.6805555555555556 0.03671875 0.05555555555555555
1 0.90390625 0.28125 0.0265625 0.059722222222222225
1 0.71875 0.4013888888888889 0.05625 0.06388888888888888
1 0.53125 0.4798611111111111 0.028125 0.0625
1 0.462109375 0.6222222222222222 0.03046875 0.044444444444444446
1 0.43359375 0.7847222222222222 0.040625 0.04722222222222222
1 0.471875 0.07569444444444444 0.0390625 0.06527777777777778
1 0.753125 0.7493055555555556 0.05 0.029166666666666667
1 0.75390625 0.7979166666666667 0.028125 0.029166666666666667
1 0.924609375 0.4013888888888889 0.03203125 0.06666666666666667
1 0.21484375 0.24166666666666667 0.021875 0.030555555555555555