1 0.36953125 0.5722222222222222 0.0375 0.06666666666666667
1 0.371875 0.3736111111111111 0.046875 0.08333333333333333
1 0.4296875 0.17291666666666666 0.0171875 0.043055555555555555
1 0.455078125 0.23819444444444443 0.01953125 0.0375
1 0.551953125 0.5951388888888889 0.02109375 0.04583333333333333
1 0.6390625 0.6145833333333334 0.015625 0.06527777777777778
1 0.956640625 0.49236111111111114 0.03359375 0.09583333333333334
1 0.880859375 0.6381944444444444 0.03359375 0.05694444444444444
1 0.2671875 0.8729166666666667 0.0390625 0.043055555555555555
1 0.555078125 0.89375 0.02421875 0.06527777777777778
1 0.83203125 0.8618055555555556 0.01875 0.06527777777777778
1 0.9765625 0.7236111111111111 0.03125 0.07222222222222222
1 0.565234375 0.7520833333333333 0.05234375 0.0875
1 0.53125 0.5 0.0515625 0.03333333333333333