1 0.43515625 0.5791666666666667 0.021875 0.06388888888888888
1 0.407421875 0.05486111111111111 0.02578125 0.04583333333333333
1 0.68515625 0.6694444444444444 0.0515625 0.08888888888888889
1 0.814453125 0.6569444444444444 0.03203125 0.08333333333333333
1 0.1703125 0.63125 0.025 0.04583333333333333
1 0.1671875 0.8131944444444444 0.0234375 0.034722222222222224
1 0.733203125 0.32430555555555557 0.04453125 0.02361111111111111
1 0.3015625 0.24305555555555555 0.0421875 0.044444444444444446
1 0.601953125 0.41805555555555557 0.01484375 0.03611111111111111
1 0.195703125 0.84375 0.04609375 0.03194444444444444
1 0.191796875 0.9618055555555556 0.01484375 0.04583333333333333
1 0.108203125 0.5868055555555556 0.04140625 0.07083333333333333