1 0.557421875 0.8381944444444445 0.02734375 0.05138888888888889
1 0.67421875 0.9381944444444444 0.0265625 0.05138888888888889
1 0.1703125 0.3784722222222222 0.0484375 0.04583333333333333
1 0.73203125 0.2388888888888889 0.0265625 0.03888888888888889
1 0.780859375 0.2951388888888889 0.02421875 0.05694444444444444
1 0.9265625 0.23125 0.040625 0.04583333333333333
1 0.713671875 0.6944444444444444 0.03984375 0.058333333333333334
1 0.964453125 0.8930555555555556 0.03359375 0.044444444444444446
1 0.06015625 0.11180555555555556 0.034375 0.043055555555555555
1 0.780078125 0.20625 0.04921875 0.0763888888888889
1 0.798828125 0.59375 0.05546875 0.029166666666666667