1 0.553515625 0.23402777777777778 0.03203125 0.04027777777777778
1 0.35859375 0.23541666666666666 0.0203125 0.03194444444444444
1 0.408984375 0.2972222222222222 0.02890625 0.044444444444444446
1 0.41328125 0.6020833333333333 0.0625 0.05694444444444444
1 0.3171875 0.6979166666666666 0.0359375 0.059722222222222225
1 0.139453125 0.8291666666666667 0.03515625 0.04722222222222222
1 0.255078125 0.9381944444444444 0.03359375 0.04583333333333333
1 0.51328125 0.6409722222222223 0.05 0.043055555555555555
1 0.559765625 0.9020833333333333 0.02421875 0.034722222222222224
1 0.920703125 0.1451388888888889 0.04296875 0.07916666666666666
1 0.901171875 0.15555555555555556 0.02265625 0.03611111111111111
1 0.823828125 0.03194444444444444 0.04453125 0.04722222222222222
1 0.97109375 0.04583333333333333 0.01875 0.05277777777777778