1 0.403125 0.29305555555555557 0.021875 0.05277777777777778
1 0.35546875 0.23541666666666666 0.0203125 0.0375
1 0.552734375 0.2361111111111111 0.03828125 0.058333333333333334
1 0.403515625 0.59375 0.05859375 0.04027777777777778
1 0.313671875 0.6965277777777777 0.03515625 0.06805555555555555
1 0.14140625 0.83125 0.0375 0.04027777777777778
1 0.556640625 0.9 0.03359375 0.027777777777777776
1 0.50390625 0.6395833333333333 0.021875 0.03194444444444444
1 0.822265625 0.03194444444444444 0.04453125 0.044444444444444446
1 0.916796875 0.1451388888888889 0.03984375 0.07916666666666666
1 0.96953125 0.04583333333333333 0.0140625 0.05555555555555555