1 0.202734375 0.40347222222222223 0.02421875 0.03194444444444444
1 0.17265625 0.5180555555555556 0.0265625 0.03888888888888889
1 0.396875 0.4465277777777778 0.025 0.0875
1 0.3859375 0.64375 0.015625 0.05416666666666667
1 0.49609375 0.8048611111111111 0.0203125 0.0375
1 0.276171875 0.8548611111111111 0.03359375 0.07083333333333333
1 0.967578125 0.8694444444444445 0.03359375 0.1
1 0.68359375 0.22430555555555556 0.0234375 0.04027777777777778
1 0.91484375 0.32708333333333334 0.0390625 0.0625
1 0.13671875 0.6888888888888889 0.021875 0.03333333333333333
1 0.31484375 0.5111111111111111 0.0140625 0.06111111111111111
1 0.3625 0.48541666666666666 0.021875 0.034722222222222224
1 0.25078125 0.48055555555555557 0.05 0.09444444444444444