1 0.45390625 0.48333333333333334 0.028125 0.05555555555555555
1 0.45234375 0.6576388888888889 0.0296875 0.04583333333333333
1 0.316015625 0.6340277777777777 0.02265625 0.043055555555555555
1 0.550390625 0.6263888888888889 0.05859375 0.06388888888888888
1 0.6578125 0.3819444444444444 0.034375 0.04722222222222222
1 0.233203125 0.12638888888888888 0.05078125 0.07777777777777778
1 0.796875 0.17152777777777778 0.0296875 0.04583333333333333
1 0.879296875 0.44305555555555554 0.05390625 0.06388888888888888
1 0.85546875 0.8326388888888889 0.0625 0.059722222222222225
1 0.63671875 0.03888888888888889 0.05 0.030555555555555555
1 0.05078125 0.28194444444444444 0.0234375 0.09166666666666666
1 0.15703125 0.32916666666666666 0.05 0.11666666666666667
1 0.520703125 0.21805555555555556 0.06171875 0.14444444444444443