1 0.55 0.2298611111111111 0.0265625 0.043055555555555555
1 0.407421875 0.28888888888888886 0.02578125 0.04722222222222222
1 0.414453125 0.5958333333333333 0.06484375 0.05
1 0.31796875 0.7 0.0375 0.07777777777777778
1 0.359375 0.2361111111111111 0.021875 0.03888888888888889
1 0.409765625 0.20833333333333334 0.04453125 0.08333333333333333
1 0.828515625 0.03333333333333333 0.04609375 0.06388888888888888
1 0.1375 0.8298611111111112 0.025 0.04027777777777778
1 0.507421875 0.6375 0.01484375 0.030555555555555555
1 0.56171875 0.9083333333333333 0.0328125 0.044444444444444446
1 0.90234375 0.6375 0.021875 0.041666666666666664
1 0.946875 0.725 0.03125 0.025
1 0.256640625 0.9465277777777777 0.02109375 0.05416666666666667
1 0.92265625 0.14652777777777778 0.0421875 0.08194444444444444
1 0.901171875 0.15416666666666667 0.02265625 0.03611111111111111
1 0.975 0.04722222222222222 0.0140625 0.05555555555555555