1 0.418359375 0.5895833333333333 0.06796875 0.0375
1 0.507421875 0.6381944444444444 0.02421875 0.02361111111111111
1 0.4125 0.29444444444444445 0.0265625 0.06388888888888888
1 0.36640625 0.23402777777777778 0.01875 0.029166666666666667
1 0.55703125 0.22916666666666666 0.0328125 0.03611111111111111
1 0.869921875 0.58125 0.01953125 0.034722222222222224
1 0.9015625 0.63125 0.0171875 0.034722222222222224
1 0.94609375 0.7298611111111111 0.028125 0.043055555555555555
1 0.1375 0.8222222222222222 0.028125 0.03611111111111111
1 0.253515625 0.9340277777777778 0.02265625 0.034722222222222224
1 0.314453125 0.6979166666666666 0.03203125 0.0763888888888889
1 0.41171875 0.2076388888888889 0.0421875 0.07916666666666666