1 0.33515625 0.4666666666666667 0.0140625 0.025
1 0.516796875 0.5027777777777778 0.02890625 0.044444444444444446
1 0.48359375 0.6798611111111111 0.01875 0.04027777777777778
1 0.373828125 0.6201388888888889 0.05546875 0.07916666666666666
1 0.72890625 0.63125 0.025 0.06527777777777778
1 0.837890625 0.7861111111111111 0.02421875 0.04722222222222222
1 0.712109375 0.4666666666666667 0.03359375 0.03611111111111111
1 0.659765625 0.4986111111111111 0.02109375 0.06111111111111111
1 0.122265625 0.4847222222222222 0.04296875 0.05
1 0.067578125 0.8659722222222223 0.05078125 0.059722222222222225
1 0.626171875 0.8368055555555556 0.03515625 0.0625
1 0.6015625 0.47152777777777777 0.0546875 0.09861111111111111
1 0.74609375 0.43125 0.021875 0.08472222222222223
1 0.3 0.09930555555555555 0.0421875 0.034722222222222224