1 0.63046875 0.41458333333333336 0.034375 0.03194444444444444
1 0.8296875 0.20555555555555555 0.034375 0.030555555555555555
1 0.9234375 0.48541666666666666 0.01875 0.043055555555555555
1 0.95390625 0.41805555555555557 0.0203125 0.06111111111111111
1 0.27109375 0.4326388888888889 0.0484375 0.05138888888888889
1 0.34453125 0.8041666666666667 0.0296875 0.058333333333333334
1 0.688671875 0.8256944444444444 0.02265625 0.059722222222222225
1 0.887109375 0.7083333333333334 0.02421875 0.03333333333333333
1 0.3953125 0.18888888888888888 0.025 0.03333333333333333
1 0.11015625 0.30416666666666664 0.0359375 0.041666666666666664
1 0.1546875 0.2076388888888889 0.0328125 0.04861111111111111
1 0.300390625 0.22152777777777777 0.01953125 0.02361111111111111
1 0.731640625 0.6625 0.01015625 0.03611111111111111