1 0.285546875 0.21041666666666667 0.01796875 0.04027777777777778
1 0.530078125 0.18333333333333332 0.02890625 0.041666666666666664
1 0.254296875 0.30972222222222223 0.02734375 0.05277777777777778
1 0.094921875 0.42777777777777776 0.04765625 0.05555555555555555
1 0.408203125 0.4354166666666667 0.01640625 0.05694444444444444
1 0.839453125 0.8076388888888889 0.02109375 0.04861111111111111
1 0.78125 0.4083333333333333 0.034375 0.03611111111111111
1 0.971875 0.1909722222222222 0.0328125 0.02638888888888889
1 0.498828125 0.8 0.02421875 0.05555555555555555
1 0.35390625 0.9069444444444444 0.021875 0.05277777777777778
1 0.070703125 0.8618055555555556 0.02109375 0.04027777777777778
1 0.4390625 0.22430555555555556 0.0203125 0.03194444444444444
1 0.51640625 0.4527777777777778 0.028125 0.025