1 0.321875 0.5194444444444445 0.021875 0.06111111111111111
1 0.480078125 0.8534722222222222 0.04609375 0.04583333333333333
1 0.65859375 0.8361111111111111 0.0234375 0.044444444444444446
1 0.44296875 0.7770833333333333 0.03125 0.034722222222222224
1 0.66484375 0.41597222222222224 0.053125 0.06805555555555555
1 0.81484375 0.3020833333333333 0.0265625 0.05694444444444444
1 0.8421875 0.20833333333333334 0.021875 0.03611111111111111
1 0.90390625 0.3972222222222222 0.03125 0.041666666666666664
1 0.430859375 0.07013888888888889 0.02890625 0.034722222222222224
1 0.051953125 0.6972222222222222 0.03515625 0.041666666666666664
1 0.2375 0.9298611111111111 0.0265625 0.043055555555555555