1 0.4859375 0.05277777777777778 0.034375 0.03888888888888889
1 0.8078125 0.4465277777777778 0.01875 0.06805555555555555
1 0.881640625 0.6868055555555556 0.02734375 0.05694444444444444
1 0.830078125 0.9333333333333333 0.03046875 0.03611111111111111
1 0.25390625 0.6694444444444444 0.0203125 0.058333333333333334
1 0.288671875 0.6305555555555555 0.01796875 0.05
1 0.31875 0.68125 0.01875 0.034722222222222224
1 0.0984375 0.7256944444444444 0.0390625 0.04027777777777778
1 0.129296875 0.5875 0.02421875 0.05555555555555555
1 0.1828125 0.2722222222222222 0.028125 0.022222222222222223
1 0.337109375 0.03263888888888889 0.02734375 0.04027777777777778
1 0.67734375 0.28055555555555556 0.01875 0.05277777777777778