1 0.32421875 0.4722222222222222 0.025 0.022222222222222223
1 0.3359375 0.39375 0.03125 0.05138888888888889
1 0.851953125 0.12638888888888888 0.02734375 0.03888888888888889
1 0.814453125 0.6638888888888889 0.01953125 0.04722222222222222
1 0.844921875 0.65625 0.01484375 0.04583333333333333
1 0.95546875 0.6993055555555555 0.0234375 0.0375
1 0.97265625 0.8743055555555556 0.0234375 0.0625
1 0.8859375 0.5430555555555555 0.0328125 0.05277777777777778
1 0.935546875 0.37777777777777777 0.02734375 0.06111111111111111
1 0.647265625 0.32083333333333336 0.02578125 0.03333333333333333
1 0.544921875 0.2652777777777778 0.02265625 0.03333333333333333
1 0.3046875 0.70625 0.0359375 0.034722222222222224
1 0.39296875 0.6104166666666667 0.01875 0.04027777777777778
1 0.339453125 0.5368055555555555 0.02421875 0.034722222222222224
1 0.705078125 0.25277777777777777 0.04296875 0.06944444444444445
1 0.7453125 0.36736111111111114 0.0375 0.09305555555555556
1 0.8109375 0.26180555555555557 0.04375 0.0625
1 0.856640625 0.5083333333333333 0.04921875 0.041666666666666664