1 0.59609375 0.21597222222222223 0.05 0.043055555555555555
1 0.72109375 0.12222222222222222 0.06875 0.06666666666666667
1 0.861328125 0.13333333333333333 0.03203125 0.05555555555555555
1 0.843359375 0.3368055555555556 0.02109375 0.07916666666666666
1 0.5875 0.7916666666666666 0.03125 0.03333333333333333
1 0.6546875 0.7763888888888889 0.0203125 0.05
1 0.694921875 0.8118055555555556 0.03203125 0.043055555555555555
1 0.66015625 0.925 0.028125 0.03888888888888889
1 0.147265625 0.16944444444444445 0.05546875 0.07222222222222222
1 0.129296875 0.7631944444444444 0.03515625 0.0625
1 0.100390625 0.5083333333333333 0.01953125 0.03888888888888889
1 0.6609375 0.47152777777777777 0.0265625 0.059722222222222225