1 0.420703125 0.5131944444444444 0.01796875 0.034722222222222224
1 0.526171875 0.6291666666666667 0.02421875 0.04722222222222222
1 0.6390625 0.6701388888888888 0.04375 0.04861111111111111
1 0.5375 0.7472222222222222 0.0375 0.04722222222222222
1 0.4484375 0.7409722222222223 0.034375 0.04861111111111111
1 0.467578125 0.81875 0.02734375 0.02361111111111111
1 0.180078125 0.8868055555555555 0.03203125 0.0625
1 0.2625 0.8659722222222223 0.0140625 0.02638888888888889
1 0.23828125 0.3284722222222222 0.01875 0.029166666666666667
1 0.84140625 0.46319444444444446 0.021875 0.05138888888888889
1 0.855078125 0.55 0.02421875 0.044444444444444446
1 0.851953125 0.6131944444444445 0.04140625 0.04861111111111111
1 0.57421875 0.8659722222222223 0.0203125 0.04861111111111111