1 0.290234375 0.30277777777777776 0.01640625 0.025
1 0.487109375 0.7347222222222223 0.03046875 0.05
1 0.501953125 0.8152777777777778 0.02890625 0.025
1 0.2140625 0.8444444444444444 0.0296875 0.06388888888888888
1 0.301171875 0.8368055555555556 0.01484375 0.02638888888888889
1 0.6703125 0.6881944444444444 0.0375 0.043055555555555555
1 0.569140625 0.6340277777777777 0.02578125 0.0375
1 0.878515625 0.6520833333333333 0.03828125 0.04861111111111111
1 0.88671875 0.5958333333333333 0.0265625 0.03888888888888889
1 0.875 0.5034722222222222 0.021875 0.04583333333333333
1 0.372265625 0.29375 0.02421875 0.029166666666666667
1 0.60859375 0.34375 0.01875 0.03194444444444444