1 0.527734375 0.32569444444444445 0.01640625 0.02638888888888889
1 0.387109375 0.5194444444444445 0.01796875 0.03333333333333333
1 0.48671875 0.6305555555555555 0.0234375 0.044444444444444446
1 0.5921875 0.6666666666666666 0.0375 0.041666666666666664
1 0.806640625 0.6006944444444444 0.03671875 0.043055555555555555
1 0.815234375 0.5430555555555555 0.01796875 0.03888888888888889
1 0.8015625 0.4534722222222222 0.0265625 0.043055555555555555
1 0.409375 0.7444444444444445 0.0375 0.05
1 0.495703125 0.7555555555555555 0.03515625 0.05
1 0.424609375 0.8277777777777777 0.03203125 0.030555555555555555
1 0.32421875 0.6152777777777778 0.0171875 0.03888888888888889
1 0.136328125 0.8986111111111111 0.03828125 0.06666666666666667
1 0.52890625 0.86875 0.01875 0.05138888888888889
1 0.28125 0.31319444444444444 0.028125 0.03194444444444444