1 0.119140625 0.6125 0.01796875 0.05555555555555555
1 0.117578125 0.5541666666666667 0.02109375 0.03888888888888889
1 0.221484375 0.5291666666666667 0.02734375 0.041666666666666664
1 0.10234375 0.45208333333333334 0.040625 0.04027777777777778
1 0.366796875 0.39305555555555555 0.03828125 0.022222222222222223
1 0.67734375 0.5784722222222223 0.0171875 0.02638888888888889
1 0.70625 0.5715277777777777 0.0171875 0.03194444444444444
1 0.812890625 0.3576388888888889 0.04453125 0.0375
1 0.931640625 0.5243055555555556 0.03515625 0.034722222222222224
1 0.98046875 0.675 0.0265625 0.019444444444444445
1 0.905078125 0.3590277777777778 0.02421875 0.02638888888888889
1 0.830078125 0.17569444444444443 0.03515625 0.06805555555555555
1 0.573046875 0.04513888888888889 0.03203125 0.06805555555555555
1 0.505859375 0.15694444444444444 0.01796875 0.041666666666666664
1 0.446484375 0.09861111111111111 0.01796875 0.027777777777777776
1 0.795703125 0.6944444444444444 0.03828125 0.075
1 0.886328125 0.7930555555555555 0.01953125 0.027777777777777776
1 0.51171875 0.6784722222222223 0.015625 0.02638888888888889
1 0.294140625 0.7583333333333333 0.02890625 0.03333333333333333
1 0.125390625 0.38819444444444445 0.04453125 0.0375
1 0.687890625 0.2513888888888889 0.01015625 0.022222222222222223