1 0.6890625 0.2 0.0359375 0.06111111111111111
1 0.676171875 0.3784722222222222 0.04140625 0.034722222222222224
1 0.769140625 0.3784722222222222 0.02109375 0.02361111111111111
1 0.79765625 0.5423611111111111 0.0296875 0.034722222222222224
1 0.665234375 0.7069444444444445 0.03515625 0.07222222222222222
1 0.9390625 0.26944444444444443 0.0296875 0.06388888888888888
1 0.176953125 0.7777777777777778 0.03203125 0.03333333333333333
1 0.23515625 0.41458333333333336 0.0359375 0.02638888888888889
1 0.547265625 0.59375 0.01640625 0.029166666666666667
1 0.576171875 0.5854166666666667 0.01796875 0.034722222222222224
1 0.46171875 0.4777777777777778 0.021875 0.027777777777777776
1 0.43515625 0.06944444444444445 0.025 0.06111111111111111
1 0.37109375 0.18055555555555555 0.01875 0.041666666666666664
1 0.307421875 0.12430555555555556 0.01953125 0.03194444444444444
1 0.578125 0.01875 0.025 0.029166666666666667
1 0.85 0.6888888888888889 0.028125 0.019444444444444445
1 0.95625 0.6423611111111112 0.0171875 0.05416666666666667
1 0.387109375 0.6944444444444444 0.01484375 0.025
1 0.76484375 0.8041666666666667 0.01875 0.022222222222222223