1 0.87265625 0.11944444444444445 0.0265625 0.03888888888888889
1 0.9859375 0.40902777777777777 0.021875 0.02638888888888889
1 0.937890625 0.6756944444444445 0.01328125 0.034722222222222224
1 0.77265625 0.9520833333333333 0.0140625 0.02638888888888889
1 0.624609375 0.7083333333333334 0.02265625 0.04722222222222222
1 0.385546875 0.1951388888888889 0.03046875 0.07083333333333333
1 0.45859375 0.3541666666666667 0.0171875 0.058333333333333334
1 0.393359375 0.53125 0.01484375 0.05138888888888889
1 0.330859375 0.5388888888888889 0.01328125 0.022222222222222223
1 0.352734375 0.6756944444444445 0.01015625 0.020833333333333332
1 0.29140625 0.6381944444444444 0.0171875 0.02638888888888889
1 0.520703125 0.6138888888888889 0.01171875 0.022222222222222223
1 0.225390625 0.5743055555555555 0.03671875 0.059722222222222225
1 0.08046875 0.2125 0.0359375 0.08333333333333333