1 0.0234375 0.2972222222222222 0.0234375 0.08611111111111111
1 0.053125 0.6784722222222223 0.0296875 0.059722222222222225
1 0.22421875 0.19375 0.053125 0.08472222222222223
1 0.3015625 0.15555555555555556 0.028125 0.04722222222222222
1 0.344921875 0.25 0.02890625 0.09722222222222222
1 0.292578125 0.5305555555555556 0.02265625 0.03333333333333333
1 0.478515625 0.1951388888888889 0.03515625 0.07916666666666666
1 0.63203125 0.10138888888888889 0.040625 0.10277777777777777
1 0.780859375 0.17847222222222223 0.02890625 0.07361111111111111
1 0.854296875 0.3347222222222222 0.02265625 0.06111111111111111
1 0.73359375 0.5215277777777778 0.0140625 0.020833333333333332
1 0.696484375 0.61875 0.01796875 0.02638888888888889
1 0.63359375 0.5548611111111111 0.040625 0.059722222222222225
1 0.798828125 0.5138888888888888 0.01015625 0.05277777777777778