1 0.427734375 0.2881944444444444 0.02421875 0.03194444444444444
1 0.432421875 0.20694444444444443 0.03359375 0.03888888888888889
1 0.402734375 0.12430555555555556 0.01953125 0.02361111111111111
1 0.087890625 0.40694444444444444 0.01640625 0.044444444444444446
1 0.100390625 0.48125 0.03359375 0.0375
1 0.147265625 0.4861111111111111 0.02265625 0.05277777777777778
1 0.4765625 0.55 0.046875 0.05277777777777778
1 0.40390625 0.6180555555555556 0.028125 0.03333333333333333
1 0.640234375 0.6798611111111111 0.01484375 0.034722222222222224
1 0.64765625 0.5833333333333334 0.0203125 0.05
1 0.61328125 0.7256944444444444 0.025 0.015277777777777777
1 0.73359375 0.7986111111111112 0.01875 0.03611111111111111
1 0.562109375 0.8395833333333333 0.01484375 0.02361111111111111
1 0.771484375 0.5243055555555556 0.01796875 0.0375
1 0.784765625 0.5826388888888889 0.01640625 0.05694444444444444
1 0.87734375 0.5 0.0296875 0.041666666666666664
1 0.683203125 0.22569444444444445 0.01796875 0.020833333333333332
1 0.594140625 0.2791666666666667 0.01015625 0.041666666666666664
1 0.752734375 0.42569444444444443 0.04453125 0.04027777777777778
1 0.15859375 0.7027777777777777 0.01875 0.022222222222222223
1 0.091015625 0.6694444444444444 0.01796875 0.022222222222222223