1 0.873046875 0.1451388888888889 0.01796875 0.0375
1 0.93671875 0.03888888888888889 0.0375 0.06111111111111111
1 0.7578125 0.38055555555555554 0.040625 0.022222222222222223
1 0.91328125 0.6590277777777778 0.015625 0.02361111111111111
1 0.62421875 0.5166666666666667 0.0265625 0.041666666666666664
1 0.68828125 0.7388888888888889 0.034375 0.030555555555555555
1 0.5203125 0.5409722222222222 0.01875 0.0375
1 0.528515625 0.5951388888888889 0.01796875 0.05694444444444444
1 0.388671875 0.5972222222222222 0.01796875 0.058333333333333334
1 0.384375 0.6958333333333333 0.0125 0.03611111111111111
1 0.3625 0.7430555555555556 0.0234375 0.016666666666666666
1 0.142578125 0.63125 0.02421875 0.0375
1 0.194140625 0.21319444444444444 0.03203125 0.04027777777777778
1 0.168359375 0.13055555555555556 0.02109375 0.027777777777777776
1 0.4515625 0.2361111111111111 0.0171875 0.016666666666666666