1 0.228515625 0.3236111111111111 0.01484375 0.06111111111111111
1 0.134375 0.33958333333333335 0.01875 0.04027777777777778
1 0.491796875 0.30833333333333335 0.01953125 0.03888888888888889
1 0.682421875 0.3819444444444444 0.01015625 0.03611111111111111
1 0.71640625 0.2604166666666667 0.015625 0.018055555555555554
1 0.932421875 0.24861111111111112 0.02421875 0.08611111111111111
1 0.8515625 0.7125 0.0140625 0.027777777777777776
1 0.757421875 0.775 0.03359375 0.05
1 0.4828125 0.6597222222222222 0.0140625 0.025
1 0.365625 0.7930555555555555 0.0328125 0.04722222222222222
1 0.112109375 0.9493055555555555 0.04921875 0.04861111111111111
1 0.385546875 0.9 0.03671875 0.04722222222222222
1 0.320703125 0.42291666666666666 0.04453125 0.043055555555555555
1 0.95390625 0.4986111111111111 0.01875 0.030555555555555555
1 0.931640625 0.6326388888888889 0.02734375 0.04583333333333333
1 0.691796875 0.5291666666666667 0.03671875 0.03611111111111111
1 0.507421875 0.6972222222222222 0.02421875 0.041666666666666664
1 0.137890625 0.40555555555555556 0.01015625 0.041666666666666664
1 0.13046875 0.5298611111111111 0.0171875 0.034722222222222224
1 0.108203125 0.7465277777777778 0.02890625 0.05416666666666667
1 0.59375 0.24722222222222223 0.0171875 0.030555555555555555