1 0.552734375 0.5597222222222222 0.02890625 0.025
1 0.81171875 0.6791666666666667 0.0203125 0.025
1 0.918359375 0.7298611111111111 0.01640625 0.018055555555555554
1 0.748828125 0.6465277777777778 0.01796875 0.02361111111111111
1 0.734375 0.38680555555555557 0.015625 0.043055555555555555
1 0.7578125 0.46041666666666664 0.034375 0.0375
1 0.802734375 0.4618055555555556 0.02578125 0.05138888888888889
1 0.49140625 0.16458333333333333 0.015625 0.0625
1 0.5671875 0.38125 0.0265625 0.03194444444444444
1 0.39140625 0.15763888888888888 0.0109375 0.034722222222222224
1 0.027734375 0.45208333333333334 0.01953125 0.02638888888888889
1 0.248828125 0.575 0.02421875 0.025
1 0.18828125 0.85625 0.0296875 0.043055555555555555
1 0.23984375 0.3159722222222222 0.021875 0.020833333333333332
1 0.6578125 0.09027777777777778 0.015625 0.030555555555555555