1 0.4453125 0.6756944444444445 0.0265625 0.0763888888888889
1 0.787109375 0.18263888888888888 0.02109375 0.09305555555555556
1 0.284375 0.3784722222222222 0.0171875 0.0763888888888889
1 0.28671875 0.30486111111111114 0.0125 0.0375
1 0.18828125 0.4722222222222222 0.03125 0.025
1 0.440234375 0.24791666666666667 0.01484375 0.034722222222222224
1 0.53984375 0.18611111111111112 0.028125 0.05
1 0.593359375 0.16875 0.02578125 0.034722222222222224
1 0.625 0.6618055555555555 0.0375 0.04583333333333333
1 0.81484375 0.5597222222222222 0.021875 0.03333333333333333
1 0.608203125 0.8534722222222222 0.02265625 0.05138888888888889
1 0.56640625 0.7631944444444444 0.025 0.029166666666666667
1 0.553125 0.8951388888888889 0.01875 0.02361111111111111
1 0.56484375 0.9486111111111111 0.0140625 0.03888888888888889
1 0.4109375 0.54375 0.0265625 0.029166666666666667
1 0.51796875 0.3111111111111111 0.046875 0.03611111111111111