1 0.045703125 0.10694444444444444 0.02265625 0.03611111111111111
1 0.13125 0.21041666666666667 0.021875 0.0875
1 0.54921875 0.31527777777777777 0.021875 0.044444444444444446
1 0.64296875 0.29791666666666666 0.0125 0.05694444444444444
1 0.73359375 0.25555555555555554 0.01875 0.03333333333333333
1 0.908984375 0.28402777777777777 0.01953125 0.0375
1 0.551171875 0.3798611111111111 0.01015625 0.043055555555555555
1 0.53984375 0.5034722222222222 0.0203125 0.03194444444444444
1 0.92734375 0.6756944444444445 0.0234375 0.04027777777777778
1 0.78046875 0.7715277777777778 0.03125 0.04583333333333333
1 0.525390625 0.7173611111111111 0.02734375 0.05138888888888889
1 0.78828125 0.8777777777777778 0.034375 0.05
1 0.5859375 0.9680555555555556 0.015625 0.058333333333333334
1 0.27890625 0.23055555555555557 0.0140625 0.03611111111111111
1 0.9453125 0.4986111111111111 0.021875 0.06666666666666667
1 0.901171875 0.6375 0.01640625 0.027777777777777776