1 0.95546875 0.225 0.0171875 0.03888888888888889
1 0.803515625 0.19305555555555556 0.01953125 0.08611111111111111
1 0.610546875 0.1736111111111111 0.02578125 0.03333333333333333
1 0.55859375 0.18888888888888888 0.0265625 0.044444444444444446
1 0.45859375 0.24930555555555556 0.015625 0.03194444444444444
1 0.5359375 0.31180555555555556 0.04375 0.034722222222222224
1 0.30546875 0.30069444444444443 0.0125 0.0375
1 0.28125 0.21041666666666667 0.0140625 0.04027777777777778
1 0.208984375 0.46597222222222223 0.02890625 0.02361111111111111
1 0.42734375 0.5395833333333333 0.0265625 0.03194444444444444
1 0.64140625 0.6631944444444444 0.0359375 0.04027777777777778
1 0.30390625 0.3715277777777778 0.015625 0.07083333333333333
1 0.46328125 0.6743055555555556 0.025 0.07361111111111111
1 0.582421875 0.7659722222222223 0.02578125 0.02361111111111111
1 0.623828125 0.8527777777777777 0.02421875 0.05277777777777778
1 0.56875 0.8930555555555556 0.01875 0.027777777777777776
1 0.58046875 0.9472222222222222 0.0140625 0.041666666666666664
1 0.238671875 0.9159722222222222 0.01640625 0.0375
1 0.8296875 0.5673611111111111 0.021875 0.029166666666666667