1 0.16875 0.31805555555555554 0.0109375 0.03611111111111111
1 0.143359375 0.23055555555555557 0.01484375 0.03611111111111111
1 0.39921875 0.31666666666666665 0.046875 0.030555555555555555
1 0.419140625 0.19583333333333333 0.02890625 0.05
1 0.471875 0.17847222222222223 0.0234375 0.03194444444444444
1 0.66484375 0.18888888888888888 0.021875 0.09166666666666666
1 0.81875 0.20902777777777778 0.01875 0.0375
1 0.694140625 0.5569444444444445 0.02109375 0.030555555555555555
1 0.505078125 0.6638888888888889 0.03359375 0.04722222222222222
1 0.446875 0.76875 0.0265625 0.02638888888888889
1 0.484765625 0.8527777777777777 0.02265625 0.05277777777777778
1 0.433203125 0.8958333333333334 0.01796875 0.025
1 0.44453125 0.9493055555555555 0.0140625 0.0375
1 0.328125 0.6826388888888889 0.0234375 0.07361111111111111
1 0.29609375 0.5520833333333334 0.028125 0.02638888888888889
1 0.168359375 0.3888888888888889 0.01328125 0.07222222222222222
1 0.07421875 0.48680555555555555 0.028125 0.02638888888888889
1 0.103125 0.9354166666666667 0.015625 0.0375