1 0.784375 0.1840277777777778 0.021875 0.09305555555555556
1 0.938671875 0.21041666666666667 0.01953125 0.034722222222222224
1 0.591015625 0.17083333333333334 0.02578125 0.03611111111111111
1 0.53828125 0.18888888888888888 0.0265625 0.04722222222222222
1 0.43984375 0.25069444444444444 0.015625 0.03194444444444444
1 0.517578125 0.31180555555555556 0.04609375 0.034722222222222224
1 0.260546875 0.21736111111111112 0.01484375 0.04027777777777778
1 0.285546875 0.30694444444444446 0.01328125 0.03611111111111111
1 0.286328125 0.38125 0.01640625 0.07361111111111111
1 0.18984375 0.475 0.0296875 0.022222222222222223
1 0.411328125 0.5430555555555555 0.02734375 0.030555555555555555
1 0.448046875 0.6763888888888889 0.02421875 0.075
1 0.626171875 0.6611111111111111 0.03515625 0.041666666666666664
1 0.815234375 0.5576388888888889 0.02109375 0.03194444444444444
1 0.61015625 0.8527777777777777 0.0234375 0.05
1 0.56796875 0.7659722222222223 0.0234375 0.02361111111111111
1 0.555859375 0.8944444444444445 0.01953125 0.022222222222222223
1 0.56796875 0.9479166666666666 0.0140625 0.04027777777777778
1 0.22421875 0.9284722222222223 0.01875 0.0375