1 0.916796875 0.20277777777777778 0.01953125 0.03888888888888889
1 0.762890625 0.18194444444444444 0.02109375 0.09166666666666666
1 0.5703125 0.17083333333333334 0.025 0.03611111111111111
1 0.51796875 0.19166666666666668 0.0265625 0.04722222222222222
1 0.793359375 0.5541666666666667 0.02109375 0.030555555555555555
1 0.420703125 0.2569444444444444 0.01640625 0.030555555555555555
1 0.496484375 0.3138888888888889 0.04609375 0.03611111111111111
1 0.26796875 0.3159722222222222 0.0125 0.0375
1 0.242578125 0.22847222222222222 0.01484375 0.04027777777777778
1 0.2671875 0.38819444444444445 0.0171875 0.07083333333333333
1 0.173046875 0.48541666666666666 0.03046875 0.02638888888888889
1 0.393359375 0.5486111111111112 0.02734375 0.027777777777777776
1 0.428515625 0.6791666666666667 0.02578125 0.075
1 0.60625 0.6590277777777778 0.034375 0.04583333333333333
1 0.5890625 0.8506944444444444 0.0234375 0.05138888888888889
1 0.53515625 0.8916666666666667 0.01875 0.025
1 0.547265625 0.9451388888888889 0.01328125 0.0375
1 0.5484375 0.7638888888888888 0.025 0.027777777777777776
1 0.1390625 0.7166666666666667 0.0140625 0.019444444444444445
1 0.04921875 0.84375 0.015625 0.018055555555555554
1 0.20625 0.9326388888888889 0.0140625 0.0375
1 0.21328125 0.9034722222222222 0.0140625 0.020833333333333332