1 0.645703125 0.2611111111111111 0.05234375 0.07777777777777778
1 0.916796875 0.4826388888888889 0.00703125 0.034722222222222224
1 0.900390625 0.4861111111111111 0.02265625 0.03888888888888889
1 0.933203125 0.8708333333333333 0.03046875 0.044444444444444446
1 0.925390625 0.9256944444444445 0.01796875 0.07083333333333333
1 0.885546875 0.8680555555555556 0.01796875 0.025
1 0.85234375 0.9604166666666667 0.03125 0.04027777777777778
1 0.779296875 0.7888888888888889 0.04921875 0.030555555555555555
1 0.69375 0.8020833333333334 0.009375 0.034722222222222224
1 0.662109375 0.7944444444444444 0.01171875 0.03888888888888889
1 0.85390625 0.5756944444444444 0.0171875 0.05138888888888889
1 0.64296875 0.6222222222222222 0.0203125 0.06111111111111111
1 0.55390625 0.5402777777777777 0.0234375 0.06388888888888888
1 0.43984375 0.4395833333333333 0.01875 0.0625
1 0.422265625 0.3277777777777778 0.01796875 0.030555555555555555
1 0.511328125 0.7472222222222222 0.01953125 0.016666666666666666
1 0.586328125 0.7409722222222223 0.02109375 0.02361111111111111
1 0.375390625 0.7270833333333333 0.01640625 0.043055555555555555
1 0.3296875 0.7548611111111111 0.0234375 0.05416666666666667
1 0.241796875 0.55 0.03984375 0.044444444444444446
1 0.29140625 0.8041666666666667 0.021875 0.05277777777777778
1 0.10859375 0.7506944444444444 0.01875 0.08194444444444444