1 0.770703125 0.18125 0.02109375 0.09027777777777778
1 0.926171875 0.20694444444444443 0.01796875 0.03333333333333333
1 0.522265625 0.1875 0.02734375 0.04722222222222222
1 0.57578125 0.16875 0.0265625 0.03194444444444444
1 0.80234375 0.5597222222222222 0.0203125 0.027777777777777776
1 0.6109375 0.6618055555555555 0.034375 0.043055555555555555
1 0.55390625 0.76875 0.0265625 0.02638888888888889
1 0.594921875 0.8548611111111111 0.02421875 0.05138888888888889
1 0.540625 0.8972222222222223 0.01875 0.022222222222222223
1 0.55234375 0.9520833333333333 0.0140625 0.0375
1 0.430859375 0.6784722222222223 0.02578125 0.07361111111111111
1 0.3953125 0.5451388888888888 0.0265625 0.02638888888888889
1 0.501953125 0.3111111111111111 0.04609375 0.03333333333333333
1 0.42265625 0.24722222222222223 0.0171875 0.03333333333333333
1 0.26796875 0.3055555555555556 0.0109375 0.03611111111111111
1 0.266796875 0.3784722222222222 0.01640625 0.07083333333333333
1 0.24140625 0.21597222222222223 0.0140625 0.0375
1 0.172265625 0.4756944444444444 0.02890625 0.02361111111111111