1 0.165625 0.7979166666666667 0.0171875 0.0625
1 0.127734375 0.5763888888888888 0.02421875 0.044444444444444446
1 0.08125 0.6020833333333333 0.0171875 0.03194444444444444
1 0.0953125 0.4423611111111111 0.0234375 0.0375
1 0.01875 0.36944444444444446 0.0203125 0.03888888888888889
1 0.46953125 0.5583333333333333 0.021875 0.06944444444444445
1 0.468359375 0.3263888888888889 0.04453125 0.058333333333333334
1 0.721875 0.36180555555555555 0.0234375 0.07361111111111111
1 0.7078125 0.7569444444444444 0.028125 0.04722222222222222
1 0.95546875 0.5201388888888889 0.05 0.043055555555555555
1 0.873828125 0.6055555555555555 0.06328125 0.06944444444444445
1 0.865625 0.7222222222222222 0.0296875 0.08055555555555556