1 0.9546875 0.7194444444444444 0.0203125 0.022222222222222223
1 0.948828125 0.5513888888888889 0.02421875 0.025
1 0.886328125 0.41597222222222224 0.02734375 0.06527777777777778
1 0.8703125 0.30486111111111114 0.0171875 0.03194444444444444
1 0.821875 0.7041666666666667 0.0234375 0.044444444444444446
1 0.78828125 0.7326388888888888 0.0234375 0.05694444444444444
1 0.696875 0.5368055555555555 0.0453125 0.04027777777777778
1 0.605078125 0.61875 0.06171875 0.06527777777777778
1 0.590234375 0.7381944444444445 0.02734375 0.0763888888888889
1 0.436328125 0.7722222222222223 0.02265625 0.041666666666666664
1 0.25703125 0.7673611111111112 0.015625 0.059722222222222225
1 0.46953125 0.37430555555555556 0.025 0.07361111111111111
1 0.2046875 0.5763888888888888 0.025 0.07222222222222222
1 0.31171875 0.48680555555555555 0.0421875 0.10138888888888889