1 0.957421875 0.85625 0.03359375 0.04027777777777778
1 0.9109375 0.8548611111111111 0.021875 0.03194444444444444
1 0.948828125 0.9125 0.02265625 0.06666666666666667
1 0.875 0.9472222222222222 0.034375 0.041666666666666664
1 0.80390625 0.7791666666666667 0.0515625 0.030555555555555555
1 0.684765625 0.7923611111111111 0.01640625 0.04027777777777778
1 0.718359375 0.7979166666666667 0.01171875 0.034722222222222224
1 0.6078125 0.7402777777777778 0.0234375 0.027777777777777776
1 0.5328125 0.75 0.021875 0.019444444444444445
1 0.39453125 0.7347222222222223 0.01875 0.041666666666666664
1 0.348828125 0.7631944444444444 0.02578125 0.05138888888888889
1 0.125390625 0.7701388888888889 0.01953125 0.0763888888888889
1 0.261328125 0.5611111111111111 0.04140625 0.04722222222222222
1 0.44375 0.325 0.0203125 0.030555555555555555
1 0.462109375 0.4388888888888889 0.02109375 0.06388888888888888
1 0.672265625 0.2513888888888889 0.05703125 0.08055555555555556
1 0.924609375 0.46944444444444444 0.02421875 0.044444444444444446
1 0.941796875 0.46458333333333335 0.01015625 0.034722222222222224
1 0.6671875 0.6166666666666667 0.0234375 0.06388888888888888
1 0.878125 0.5611111111111111 0.01875 0.05277777777777778