1 0.7265625 0.24444444444444444 0.0546875 0.08055555555555556
1 0.51953125 0.4354166666666667 0.01875 0.06527777777777778
1 0.500390625 0.32430555555555557 0.01953125 0.03194444444444444
1 0.72734375 0.6083333333333333 0.0203125 0.06388888888888888
1 0.862109375 0.7618055555555555 0.05078125 0.03194444444444444
1 0.966796875 0.8340277777777778 0.02265625 0.02638888888888889
1 0.935546875 0.9277777777777778 0.03515625 0.03888888888888889
1 0.77734375 0.7861111111111111 0.0109375 0.03611111111111111
1 0.743359375 0.7819444444444444 0.01328125 0.03888888888888889
1 0.66796875 0.73125 0.021875 0.020833333333333332
1 0.59140625 0.7409722222222223 0.0234375 0.020833333333333332
1 0.453125 0.7284722222222222 0.01875 0.04027777777777778
1 0.41328125 0.7611111111111111 0.0265625 0.058333333333333334
1 0.3234375 0.5597222222222222 0.0453125 0.04722222222222222
1 0.193359375 0.7722222222222223 0.02109375 0.07777777777777778
1 0.041796875 0.8090277777777778 0.02265625 0.04583333333333333
1 0.933984375 0.5472222222222223 0.01796875 0.05277777777777778