1 0.059375 0.3909722222222222 0.025 0.07916666666666666
1 0.294140625 0.5611111111111111 0.04296875 0.04722222222222222
1 0.487890625 0.43819444444444444 0.02421875 0.059722222222222225
1 0.469921875 0.325 0.01953125 0.03611111111111111
1 0.694921875 0.24861111111111112 0.05859375 0.08055555555555556
1 0.952734375 0.46319444444444446 0.02421875 0.04861111111111111
1 0.96875 0.4583333333333333 0.0125 0.041666666666666664
1 0.9078125 0.5541666666666667 0.0203125 0.05
1 0.430078125 0.7319444444444444 0.01796875 0.041666666666666664
1 0.566015625 0.7465277777777778 0.02109375 0.018055555555555554
1 0.6421875 0.7354166666666667 0.0234375 0.02638888888888889
1 0.719140625 0.7861111111111111 0.01484375 0.03333333333333333
1 0.83828125 0.7729166666666667 0.053125 0.029166666666666667
1 0.94765625 0.8444444444444444 0.021875 0.027777777777777776
1 0.91484375 0.9388888888888889 0.034375 0.041666666666666664
1 0.184765625 0.6486111111111111 0.05390625 0.06944444444444445
1 0.164453125 0.7722222222222223 0.02265625 0.07777777777777778
1 0.70078125 0.6090277777777777 0.0234375 0.07083333333333333
1 0.01328125 0.80625 0.0265625 0.05138888888888889