1 0.78671875 0.42569444444444443 0.025 0.0625
1 0.767578125 0.3125 0.01796875 0.03333333333333333
1 0.934765625 0.7166666666666667 0.02421875 0.025
1 0.859765625 0.7263888888888889 0.02421875 0.022222222222222223
1 0.725 0.7097222222222223 0.021875 0.041666666666666664
1 0.59765625 0.5409722222222222 0.04375 0.043055555555555555
1 0.6875 0.7416666666666667 0.0234375 0.05555555555555555
1 0.503125 0.6243055555555556 0.0546875 0.07083333333333333
1 0.48828125 0.7451388888888889 0.0234375 0.0763888888888889
1 0.102734375 0.5798611111111112 0.02421875 0.0763888888888889
1 0.15546875 0.7708333333333334 0.0125 0.06111111111111111
1 0.097265625 0.33541666666666664 0.04296875 0.059722222222222225