1 0.80078125 0.30694444444444446 0.0515625 0.06111111111111111
1 0.799609375 0.5472222222222223 0.02109375 0.07222222222222222
1 0.86328125 0.7347222222222223 0.0265625 0.06111111111111111
1 0.737890625 0.7395833333333334 0.02421875 0.03194444444444444
1 0.5046875 0.7875 0.0203125 0.06388888888888888
1 0.32109375 0.73125 0.0171875 0.043055555555555555
1 0.45078125 0.5666666666666667 0.0234375 0.03888888888888889
1 0.401171875 0.5909722222222222 0.01796875 0.029166666666666667
1 0.415625 0.43472222222222223 0.025 0.03611111111111111
1 0.3390625 0.36527777777777776 0.0203125 0.03888888888888889
1 0.246875 0.42777777777777776 0.021875 0.06111111111111111
1 0.036328125 0.9333333333333333 0.01640625 0.041666666666666664