1 0.562890625 0.27361111111111114 0.02265625 0.03888888888888889
1 0.521484375 0.47430555555555554 0.02109375 0.029166666666666667
1 0.43828125 0.6361111111111111 0.03125 0.08333333333333333
1 0.284375 0.4979166666666667 0.0203125 0.020833333333333332
1 0.267578125 0.5840277777777778 0.01796875 0.0375
1 0.266015625 0.7576388888888889 0.01640625 0.06527777777777778
1 0.291796875 0.76875 0.02265625 0.02361111111111111
1 0.142578125 0.7777777777777778 0.01328125 0.03888888888888889
1 0.04296875 0.8006944444444445 0.015625 0.059722222222222225
1 0.520703125 0.8881944444444444 0.02578125 0.018055555555555554
1 0.5046875 0.9604166666666667 0.015625 0.034722222222222224
1 0.823828125 0.8993055555555556 0.02265625 0.043055555555555555