1 0.198828125 0.44722222222222224 0.01640625 0.03333333333333333
1 0.383984375 0.42916666666666664 0.02265625 0.06388888888888888
1 0.46171875 0.5104166666666666 0.025 0.04583333333333333
1 0.435546875 0.5534722222222223 0.04140625 0.0375
1 0.526953125 0.4777777777777778 0.01328125 0.03333333333333333
1 0.462890625 0.7694444444444445 0.01796875 0.03611111111111111
1 0.57734375 0.7048611111111112 0.0109375 0.03194444444444444
1 0.63125 0.7201388888888889 0.025 0.03194444444444444
1 0.44609375 0.9708333333333333 0.0296875 0.03333333333333333
1 0.73828125 0.47708333333333336 0.0171875 0.034722222222222224
1 0.750390625 0.44513888888888886 0.01640625 0.03194444444444444
1 0.89921875 0.5722222222222222 0.0328125 0.03333333333333333
1 0.83046875 0.5895833333333333 0.0140625 0.029166666666666667
1 0.820703125 0.7520833333333333 0.02109375 0.043055555555555555
1 0.82890625 0.8180555555555555 0.0171875 0.044444444444444446
1 0.92421875 0.7131944444444445 0.0421875 0.03194444444444444
1 0.969921875 0.38958333333333334 0.01953125 0.07361111111111111