1 0.286328125 0.46458333333333335 0.01953125 0.043055555555555555
1 0.018359375 0.5194444444444445 0.03046875 0.06666666666666667
1 0.4921875 0.7791666666666667 0.0171875 0.05277777777777778
1 0.268359375 0.7875 0.02265625 0.03611111111111111
1 0.709765625 0.5659722222222222 0.01640625 0.0375
1 0.723828125 0.48055555555555557 0.02421875 0.025
1 0.58984375 0.38055555555555554 0.040625 0.05277777777777778
1 0.970703125 0.4548611111111111 0.02421875 0.029166666666666667
1 0.887109375 0.6180555555555556 0.03515625 0.08611111111111111
1 0.719140625 0.7402777777777778 0.02109375 0.06111111111111111
1 0.744140625 0.7493055555555556 0.02265625 0.02361111111111111
1 0.590625 0.7548611111111111 0.0109375 0.0375
1 0.275 0.40694444444444444 0.0421875 0.03888888888888889