1 0.37890625 0.42916666666666664 0.015625 0.027777777777777776
1 0.432421875 0.49027777777777776 0.02421875 0.041666666666666664
1 0.249609375 0.44722222222222224 0.01171875 0.05277777777777778
1 0.2078125 0.6604166666666667 0.0078125 0.02361111111111111
1 0.26328125 0.5402777777777777 0.021875 0.06944444444444445
1 0.51875 0.6048611111111111 0.0140625 0.02638888888888889
1 0.76796875 0.7493055555555556 0.0296875 0.06527777777777778
1 0.701171875 0.9375 0.04609375 0.025
1 0.871875 0.9048611111111111 0.03125 0.07083333333333333
1 0.521484375 0.6652777777777777 0.03203125 0.07777777777777778
1 0.663671875 0.6777777777777778 0.03984375 0.05277777777777778
1 0.300390625 0.9243055555555556 0.05546875 0.04027777777777778
1 0.673046875 0.4597222222222222 0.01796875 0.016666666666666666
1 0.715625 0.3958333333333333 0.015625 0.041666666666666664
1 0.65625 0.27847222222222223 0.021875 0.02638888888888889
1 0.89921875 0.24444444444444444 0.0140625 0.027777777777777776
1 0.933984375 0.28958333333333336 0.02265625 0.020833333333333332