1 0.31953125 0.37777777777777777 0.03125 0.06944444444444445
1 0.456640625 0.27152777777777776 0.01484375 0.03194444444444444
1 0.490234375 0.31805555555555554 0.02265625 0.019444444444444445
1 0.682421875 0.3284722222222222 0.03046875 0.05694444444444444
1 0.075 0.6673611111111111 0.028125 0.08194444444444444
1 0.216015625 0.6888888888888889 0.03046875 0.058333333333333334
1 0.312109375 0.7625 0.02421875 0.06388888888888888
1 0.40625 0.9298611111111111 0.0328125 0.0763888888888889
1 0.80390625 0.5423611111111111 0.0234375 0.04583333333333333
1 0.9328125 0.4027777777777778 0.025 0.06111111111111111
1 0.861328125 0.6111111111111112 0.03359375 0.04722222222222222
1 0.82421875 0.8256944444444444 0.01875 0.05416666666666667
1 0.558203125 0.8340277777777778 0.01015625 0.029166666666666667