1 0.979296875 0.5819444444444445 0.02265625 0.03888888888888889
1 0.944921875 0.5118055555555555 0.02421875 0.02638888888888889
1 0.815625 0.4951388888888889 0.0140625 0.04861111111111111
1 0.733984375 0.6881944444444444 0.00703125 0.02361111111111111
1 0.81796875 0.5902777777777778 0.0140625 0.06944444444444445
1 0.894140625 0.6111111111111112 0.03984375 0.09166666666666666
1 0.944140625 0.7513888888888889 0.02890625 0.075
1 0.76484375 0.7805555555555556 0.0453125 0.09166666666666666
1 0.5265625 0.7284722222222222 0.0171875 0.020833333333333332
1 0.26328125 0.65 0.0078125 0.03333333333333333
1 0.230078125 0.6854166666666667 0.00859375 0.018055555555555554
1 0.123828125 0.8763888888888889 0.01796875 0.030555555555555555