1 0.68515625 0.5965277777777778 0.0109375 0.03194444444444444
1 0.8125 0.6361111111111111 0.028125 0.022222222222222223
1 0.871875 0.6319444444444444 0.021875 0.03888888888888889
1 0.81953125 0.8548611111111111 0.0234375 0.043055555555555555
1 0.703125 0.8368055555555556 0.021875 0.02361111111111111
1 0.714453125 0.7215277777777778 0.04765625 0.02638888888888889
1 0.676953125 0.8527777777777777 0.01640625 0.03333333333333333
1 0.714453125 0.9388888888888889 0.03203125 0.03333333333333333
1 0.07109375 0.8256944444444444 0.0140625 0.034722222222222224
1 0.051953125 0.7777777777777778 0.01015625 0.025
1 0.025390625 0.8513888888888889 0.01953125 0.03611111111111111