1 0.13515625 0.7770833333333333 0.009375 0.02638888888888889
1 0.15390625 0.825 0.0140625 0.03611111111111111
1 0.1109375 0.8513888888888889 0.0171875 0.03333333333333333
1 0.759765625 0.5833333333333334 0.01015625 0.030555555555555555
1 0.887109375 0.6201388888888889 0.02734375 0.020833333333333332
1 0.94609375 0.6166666666666667 0.0234375 0.03888888888888889
1 0.902734375 0.8409722222222222 0.02265625 0.043055555555555555
1 0.7828125 0.8215277777777777 0.021875 0.020833333333333332
1 0.79453125 0.7097222222222223 0.0484375 0.025
1 0.79765625 0.9263888888888889 0.0328125 0.03611111111111111
1 0.083984375 0.70625 0.01640625 0.043055555555555555