1 0.505859375 0.09236111111111112 0.01953125 0.034722222222222224
1 0.753125 0.15416666666666667 0.0296875 0.03888888888888889
1 0.52734375 0.59375 0.0640625 0.09027777777777778
1 0.71328125 0.8631944444444445 0.0296875 0.04861111111111111
1 0.68828125 0.7430555555555556 0.0171875 0.016666666666666666
1 0.85859375 0.6263888888888889 0.0109375 0.03333333333333333
1 0.36015625 0.9444444444444444 0.0421875 0.07222222222222222
1 0.39296875 0.9638888888888889 0.015625 0.03888888888888889
1 0.22734375 0.94375 0.025 0.08472222222222223
1 0.153125 0.8305555555555556 0.0546875 0.13055555555555556
1 0.0953125 0.8104166666666667 0.0203125 0.11805555555555555
1 0.10078125 0.9027777777777778 0.0375 0.041666666666666664