1 0.53828125 0.1361111111111111 0.0203125 0.03333333333333333
1 0.787109375 0.20416666666666666 0.02890625 0.03333333333333333
1 0.349609375 0.03680555555555556 0.01640625 0.029166666666666667
1 0.01796875 0.15833333333333333 0.021875 0.030555555555555555
1 0.457421875 0.44583333333333336 0.01171875 0.025
1 0.535546875 0.64375 0.06015625 0.09305555555555556
1 0.690625 0.7993055555555556 0.015625 0.015277777777777777
1 0.710546875 0.9201388888888888 0.02734375 0.04583333333333333
1 0.86796875 0.6854166666666667 0.0109375 0.03194444444444444
1 0.14296875 0.8791666666666667 0.05 0.12777777777777777
1 0.087109375 0.9520833333333333 0.03984375 0.043055555555555555
1 0.783203125 0.12152777777777778 0.02265625 0.018055555555555554