1 0.06484375 0.26875 0.0109375 0.04027777777777778
1 0.1390625 0.1451388888888889 0.0203125 0.018055555555555554
1 0.173046875 0.3055555555555556 0.01015625 0.027777777777777776
1 0.315625 0.3076388888888889 0.0171875 0.0375
1 0.387890625 0.4027777777777778 0.02421875 0.030555555555555555
1 0.61015625 0.48680555555555555 0.0140625 0.0625
1 0.634375 0.22361111111111112 0.0140625 0.08055555555555556
1 0.682421875 0.21666666666666667 0.01171875 0.025
1 0.625390625 0.05138888888888889 0.01015625 0.03333333333333333
1 0.506640625 0.24861111111111112 0.01484375 0.044444444444444446
1 0.8359375 0.7819444444444444 0.03125 0.04722222222222222
1 0.719140625 0.7854166666666667 0.01171875 0.05416666666666667
1 0.513671875 0.6909722222222222 0.01953125 0.0375
1 0.4515625 0.7638888888888888 0.0171875 0.019444444444444445
1 0.415625 0.9513888888888888 0.0359375 0.03333333333333333
1 0.53828125 0.9319444444444445 0.0359375 0.044444444444444446
1 0.775 0.9708333333333333 0.01875 0.027777777777777776
1 0.821875 0.9763888888888889 0.015625 0.013888888888888888
1 0.2390625 0.8458333333333333 0.0265625 0.03333333333333333