1 0.478515625 0.25555555555555554 0.01171875 0.03888888888888889
1 0.46484375 0.5847222222222223 0.021875 0.027777777777777776
1 0.78203125 0.5847222222222223 0.0265625 0.03611111111111111
1 0.69296875 0.7826388888888889 0.0484375 0.043055555555555555
1 0.52734375 0.9125 0.025 0.03611111111111111
1 0.442578125 0.6923611111111111 0.02109375 0.03194444444444444
1 0.435546875 0.7513888888888889 0.01171875 0.03333333333333333
1 0.330078125 0.7326388888888888 0.02578125 0.0375
1 0.1625 0.5784722222222223 0.0609375 0.07361111111111111
1 0.17421875 0.8826388888888889 0.040625 0.034722222222222224
1 0.1921875 0.8034722222222223 0.0234375 0.0625
1 0.090234375 0.1763888888888889 0.01640625 0.03888888888888889