1 0.259765625 0.5243055555555556 0.02734375 0.034722222222222224
1 0.18125 0.7958333333333333 0.009375 0.03333333333333333
1 0.135546875 0.875 0.01640625 0.03888888888888889
1 0.135546875 0.9361111111111111 0.01640625 0.03333333333333333
1 0.39296875 0.7868055555555555 0.01875 0.05138888888888889
1 0.366796875 0.6548611111111111 0.02109375 0.02638888888888889
1 0.3375 0.6590277777777778 0.0203125 0.015277777777777777
1 0.574609375 0.7034722222222223 0.01171875 0.04027777777777778
1 0.565625 0.9409722222222222 0.040625 0.05138888888888889
1 0.800390625 0.21597222222222223 0.00859375 0.0375
1 0.815234375 0.36041666666666666 0.02265625 0.03194444444444444
1 0.44765625 0.15902777777777777 0.015625 0.0375
1 0.222265625 0.08125 0.06953125 0.10138888888888889
1 0.80234375 0.8333333333333334 0.0140625 0.030555555555555555
1 0.54453125 0.7131944444444445 0.0359375 0.09027777777777778