1 0.66796875 0.3638888888888889 0.0234375 0.03333333333333333
1 0.649609375 0.2263888888888889 0.00703125 0.030555555555555555
1 0.779296875 0.3236111111111111 0.02265625 0.030555555555555555
1 0.2984375 0.20208333333333334 0.015625 0.0375
1 0.06953125 0.1527777777777778 0.0765625 0.1
1 0.244921875 0.4326388888888889 0.01640625 0.03194444444444444
1 0.123828125 0.5840277777777778 0.03046875 0.034722222222222224
1 0.2109375 0.7083333333333334 0.0203125 0.019444444444444445
1 0.239453125 0.7013888888888888 0.02265625 0.03333333333333333
1 0.265234375 0.8291666666666667 0.01640625 0.05277777777777778
1 0.41796875 0.7381944444444445 0.034375 0.0875
1 0.447265625 0.7263888888888889 0.01328125 0.03888888888888889
1 0.43828125 0.9631944444444445 0.040625 0.05416666666666667
1 0.673828125 0.83125 0.01328125 0.03194444444444444
1 0.80703125 0.04583333333333333 0.0203125 0.019444444444444445
1 0.062109375 0.8597222222222223 0.01015625 0.03333333333333333