1 0.69453125 0.7923611111111111 0.0171875 0.04027777777777778
1 0.755078125 0.7361111111111112 0.01328125 0.07777777777777778
1 0.63125 0.9083333333333333 0.04375 0.03611111111111111
1 0.641796875 0.5159722222222223 0.01796875 0.029166666666666667
1 0.5796875 0.5138888888888888 0.01875 0.022222222222222223
1 0.53671875 0.5513888888888889 0.0203125 0.03333333333333333
1 0.494140625 0.5541666666666667 0.01171875 0.030555555555555555
1 0.413671875 0.46597222222222223 0.02109375 0.08472222222222223
1 0.396484375 0.34652777777777777 0.01640625 0.043055555555555555
1 0.34453125 0.4722222222222222 0.015625 0.07222222222222222
1 0.100390625 0.37916666666666665 0.02578125 0.04722222222222222
1 0.136328125 0.33402777777777776 0.02421875 0.018055555555555554
1 0.03359375 0.9645833333333333 0.0328125 0.05416666666666667
1 0.470703125 0.7993055555555556 0.02109375 0.03194444444444444
1 0.944140625 0.7645833333333333 0.01640625 0.04027777777777778