1 0.228515625 0.95 0.02890625 0.05277777777777778
1 0.39609375 0.6298611111111111 0.021875 0.02638888888888889
1 0.13828125 0.6569444444444444 0.025 0.027777777777777776
1 0.308203125 0.36736111111111114 0.02421875 0.04583333333333333
1 0.34453125 0.3215277777777778 0.0203125 0.020833333333333332
1 0.59375 0.3375 0.015625 0.041666666666666664
1 0.541796875 0.46319444444444446 0.01796875 0.07361111111111111
1 0.608984375 0.45625 0.01796875 0.08472222222222223
1 0.725 0.5472222222222223 0.01875 0.030555555555555555
1 0.768359375 0.5090277777777777 0.01796875 0.02638888888888889
1 0.830078125 0.5131944444444444 0.01953125 0.029166666666666667
1 0.940625 0.7305555555555555 0.0125 0.07777777777777778
1 0.88203125 0.7868055555555555 0.015625 0.0375
1 0.8234375 0.9013888888888889 0.0375 0.03888888888888889
1 0.656640625 0.7895833333333333 0.02109375 0.034722222222222224