1 0.1921875 0.6486111111111111 0.0203125 0.022222222222222223
1 0.571484375 0.31180555555555556 0.01640625 0.020833333333333332
1 0.535546875 0.3597222222222222 0.01953125 0.044444444444444446
1 0.410546875 0.34930555555555554 0.02421875 0.029166666666666667
1 0.617578125 0.6201388888888889 0.01953125 0.02638888888888889
1 0.81875 0.3263888888888889 0.015625 0.041666666666666664
1 0.76484375 0.45 0.0171875 0.075
1 0.830859375 0.44166666666666665 0.01953125 0.08888888888888889
1 0.935546875 0.5354166666666667 0.01796875 0.034722222222222224
1 0.97890625 0.4965277777777778 0.0171875 0.02361111111111111
1 0.365234375 0.6465277777777778 0.02265625 0.02638888888888889
1 0.453125 0.9368055555555556 0.0265625 0.05416666666666667
1 0.523828125 0.8909722222222223 0.01796875 0.018055555555555554
1 0.122265625 0.8729166666666667 0.01484375 0.034722222222222224
1 0.011328125 0.7583333333333333 0.01640625 0.03333333333333333
1 0.869140625 0.7791666666666667 0.01796875 0.03333333333333333
1 0.0890625 0.24513888888888888 0.0265625 0.04027777777777778