1 0.521484375 0.6506944444444445 0.01640625 0.04583333333333333
1 0.571875 0.33611111111111114 0.021875 0.03333333333333333
1 0.35078125 0.27708333333333335 0.015625 0.059722222222222225
1 0.378125 0.1638888888888889 0.0171875 0.027777777777777776
1 0.247265625 0.27291666666666664 0.01484375 0.0375
1 0.2078125 0.27569444444444446 0.0171875 0.02638888888888889
1 0.111328125 0.25625 0.02734375 0.0625
1 0.0859375 0.2423611111111111 0.0265625 0.029166666666666667
1 0.102734375 0.4354166666666667 0.01953125 0.034722222222222224
1 0.07890625 0.5138888888888888 0.025 0.022222222222222223
1 0.4671875 0.44027777777777777 0.0078125 0.027777777777777776
1 0.92578125 0.6333333333333333 0.0265625 0.06111111111111111
1 0.884375 0.6388888888888888 0.009375 0.03611111111111111
1 0.523828125 0.7111111111111111 0.03828125 0.03333333333333333
1 0.148046875 0.5138888888888888 0.01171875 0.07222222222222222
1 0.803125 0.6715277777777777 0.03125 0.07083333333333333
1 0.620703125 0.16111111111111112 0.01171875 0.05
1 0.8953125 0.15 0.028125 0.04722222222222222