1 0.18515625 0.3590277777777778 0.021875 0.04027777777777778
1 0.177734375 0.1625 0.03515625 0.03888888888888889
1 0.088671875 0.1638888888888889 0.01796875 0.04722222222222222
1 0.019921875 0.43333333333333335 0.02734375 0.027777777777777776
1 0.073046875 0.44375 0.01328125 0.029166666666666667
1 0.128125 0.6694444444444444 0.0140625 0.03333333333333333
1 0.168359375 0.5916666666666667 0.01015625 0.019444444444444445
1 0.21875 0.5805555555555556 0.0515625 0.044444444444444446
1 0.19375 0.6277777777777778 0.028125 0.04722222222222222
1 0.272265625 0.7027777777777777 0.02421875 0.06388888888888888
1 0.4640625 0.6569444444444444 0.0140625 0.03333333333333333
1 0.67265625 0.6770833333333334 0.0359375 0.034722222222222224
1 0.5359375 0.19236111111111112 0.015625 0.04027777777777778