1 0.44140625 0.8131944444444444 0.025 0.04583333333333333
1 0.30859375 0.7881944444444444 0.015625 0.02638888888888889
1 0.20703125 0.9138888888888889 0.0125 0.03333333333333333
1 0.2515625 0.8722222222222222 0.015625 0.027777777777777776
1 0.71015625 0.02361111111111111 0.021875 0.03611111111111111
1 0.690625 0.10069444444444445 0.0125 0.029166666666666667
1 0.49765625 0.32013888888888886 0.0203125 0.05694444444444444
1 0.507421875 0.35694444444444445 0.03203125 0.011111111111111112
1 0.33984375 0.09305555555555556 0.025 0.041666666666666664
1 0.26015625 0.25763888888888886 0.03125 0.05416666666666667
1 0.227734375 0.025 0.02890625 0.05