1 0.148046875 0.15902777777777777 0.02109375 0.0625
1 0.17265625 0.13472222222222222 0.015625 0.030555555555555555
1 0.1234375 0.04791666666666667 0.0328125 0.03194444444444444
1 0.039453125 0.07708333333333334 0.02734375 0.018055555555555554
1 0.45234375 0.08819444444444445 0.0484375 0.034722222222222224
1 0.816015625 0.0763888888888889 0.03046875 0.03333333333333333
1 0.930078125 0.043055555555555555 0.01484375 0.025
1 0.81484375 0.39375 0.0203125 0.02638888888888889
1 0.748046875 0.7798611111111111 0.02578125 0.043055555555555555
1 0.50703125 0.8930555555555556 0.0109375 0.03611111111111111
1 0.20234375 0.9118055555555555 0.03125 0.0375
1 0.079296875 0.7284722222222222 0.01953125 0.029166666666666667