1 0.28125 0.8055555555555556 0.0421875 0.03333333333333333
1 0.324609375 0.22013888888888888 0.01953125 0.043055555555555555
1 0.30859375 0.15208333333333332 0.01875 0.02361111111111111
1 0.26015625 0.21944444444444444 0.009375 0.027777777777777776
1 0.20390625 0.21319444444444444 0.025 0.034722222222222224
1 0.087109375 0.1875 0.04921875 0.09444444444444444
1 0.083203125 0.46111111111111114 0.03046875 0.025
1 0.033984375 0.50625 0.01484375 0.04861111111111111
1 0.596875 0.07569444444444444 0.021875 0.04027777777777778
1 0.722265625 0.3770833333333333 0.03203125 0.034722222222222224
1 0.794921875 0.5777777777777777 0.02578125 0.022222222222222223
1 0.965625 0.7597222222222222 0.0203125 0.05
1 0.9015625 0.8972222222222223 0.028125 0.12222222222222222
1 0.835546875 0.9354166666666667 0.03671875 0.04027777777777778
1 0.654296875 0.9590277777777778 0.03359375 0.0375