1 0.128125 0.16875 0.0453125 0.09027777777777778
1 0.24296875 0.2048611111111111 0.025 0.03194444444444444
1 0.300390625 0.21388888888888888 0.00859375 0.027777777777777776
1 0.34765625 0.1486111111111111 0.01875 0.025
1 0.362890625 0.21666666666666667 0.02109375 0.044444444444444446
1 0.634375 0.08680555555555555 0.021875 0.0375
1 0.117578125 0.4423611111111111 0.03046875 0.02638888888888889
1 0.06796875 0.48680555555555555 0.015625 0.04583333333333333
1 0.309375 0.79375 0.0421875 0.0375
1 0.751953125 0.3909722222222222 0.03515625 0.0375
1 0.67421875 0.9652777777777778 0.0328125 0.03611111111111111
1 0.854296875 0.95 0.03359375 0.03888888888888889
1 0.919921875 0.9173611111111111 0.02734375 0.12361111111111112
1 0.984375 0.7861111111111111 0.01875 0.05277777777777778