1 0.38125 0.07777777777777778 0.0203125 0.03611111111111111
1 0.101171875 0.17777777777777778 0.01640625 0.025
1 0.11953125 0.2423611111111111 0.0171875 0.04583333333333333
1 0.0609375 0.24583333333333332 0.0078125 0.027777777777777776
1 0.521875 0.3701388888888889 0.0296875 0.0375
1 0.117578125 0.825 0.03515625 0.03611111111111111
1 0.49453125 0.9458333333333333 0.028125 0.03611111111111111
1 0.4640625 0.6875 0.0234375 0.027777777777777776
1 0.665234375 0.9125 0.03203125 0.03888888888888889
1 0.78828125 0.7305555555555555 0.0234375 0.04722222222222222
1 0.862109375 0.275 0.01796875 0.05277777777777778
1 0.962109375 0.2847222222222222 0.01328125 0.03888888888888889
1 0.2453125 0.2076388888888889 0.0515625 0.10416666666666667
1 0.728515625 0.8722222222222222 0.03046875 0.12222222222222222