1 0.230859375 0.1909722222222222 0.04765625 0.09027777777777778
1 0.34453125 0.21736111111111112 0.021875 0.03194444444444444
1 0.398828125 0.22291666666666668 0.00859375 0.02361111111111111
1 0.444140625 0.15694444444444444 0.01640625 0.022222222222222223
1 0.4609375 0.225 0.0203125 0.041666666666666664
1 0.727734375 0.08055555555555556 0.02265625 0.03611111111111111
1 0.852734375 0.37083333333333335 0.03359375 0.03611111111111111
1 0.9234375 0.5680555555555555 0.025 0.019444444444444445
1 0.7890625 0.9395833333333333 0.034375 0.034722222222222224
1 0.968359375 0.9138888888888889 0.03671875 0.03888888888888889
1 0.4265625 0.7902777777777777 0.040625 0.030555555555555555
1 0.227734375 0.45902777777777776 0.02890625 0.020833333333333332
1 0.1796875 0.5027777777777778 0.0140625 0.044444444444444446