1 0.719140625 0.43680555555555556 0.02734375 0.05694444444444444
1 0.51015625 0.7479166666666667 0.0265625 0.04027777777777778
1 0.490234375 0.7930555555555555 0.01328125 0.030555555555555555
1 0.04453125 0.8395833333333333 0.025 0.04583333333333333
1 0.023046875 0.775 0.02265625 0.041666666666666664
1 0.054296875 0.7090277777777778 0.03984375 0.03194444444444444
1 0.19453125 0.3958333333333333 0.015625 0.058333333333333334
1 0.2828125 0.2048611111111111 0.01875 0.0625
1 0.4765625 0.08888888888888889 0.0234375 0.025
1 0.230078125 0.07152777777777777 0.01328125 0.03194444444444444
1 0.10390625 0.24166666666666667 0.0375 0.075