1 0.844921875 0.8791666666666667 0.02265625 0.044444444444444446
1 0.864453125 0.7868055555555555 0.01484375 0.02361111111111111
1 0.47578125 0.6368055555555555 0.025 0.059722222222222225
1 0.40234375 0.5368055555555555 0.021875 0.034722222222222224
1 0.433203125 0.27361111111111114 0.03515625 0.03888888888888889
1 0.9 0.13194444444444445 0.0109375 0.03611111111111111
1 0.423828125 0.9361111111111111 0.02890625 0.05555555555555555
1 0.33984375 0.9236111111111112 0.034375 0.03611111111111111
1 0.27734375 0.8131944444444444 0.021875 0.03194444444444444
1 0.70546875 0.5013888888888889 0.0609375 0.10833333333333334
1 0.5796875 0.4861111111111111 0.03125 0.03333333333333333
1 0.65703125 0.30277777777777776 0.00625 0.022222222222222223