1 0.466015625 0.5861111111111111 0.02890625 0.06111111111111111
1 0.487890625 0.4222222222222222 0.04296875 0.03333333333333333
1 0.558984375 0.6694444444444444 0.00859375 0.03888888888888889
1 0.5796875 0.7638888888888888 0.034375 0.03611111111111111
1 0.630859375 0.7833333333333333 0.02421875 0.03333333333333333
1 0.85859375 0.13680555555555557 0.0203125 0.0625
1 0.801171875 0.24583333333333332 0.01796875 0.05
1 0.95546875 0.5777777777777777 0.0265625 0.030555555555555555
1 0.9046875 0.7416666666666667 0.03125 0.03611111111111111
1 0.940625 0.8340277777777778 0.0109375 0.043055555555555555
1 0.125 0.7201388888888889 0.0171875 0.034722222222222224
1 0.14453125 0.8284722222222223 0.0203125 0.059722222222222225
1 0.16484375 0.9222222222222223 0.009375 0.03888888888888889