1 0.3703125 0.48125 0.1046875 0.14027777777777778
1 0.3234375 0.20069444444444445 0.0609375 0.0625
1 0.2328125 0.10625 0.0375 0.08194444444444444
1 0.467578125 0.32083333333333336 0.04453125 0.09444444444444444
1 0.658984375 0.5097222222222222 0.02109375 0.044444444444444446
1 0.715234375 0.5131944444444444 0.03203125 0.09027777777777778
1 0.674609375 0.8076388888888889 0.05234375 0.13194444444444445
1 0.9578125 0.7715277777777778 0.0234375 0.04583333333333333
1 0.251171875 0.5527777777777778 0.02578125 0.05
1 0.171875 0.6048611111111111 0.0390625 0.0375
1 0.246875 0.6916666666666667 0.0515625 0.08611111111111111