1 0.678515625 0.26944444444444443 0.03203125 0.03333333333333333
1 0.758984375 0.3284722222222222 0.00859375 0.04027777777777778
1 0.8640625 0.18333333333333332 0.015625 0.04722222222222222
1 0.85 0.3638888888888889 0.0125 0.019444444444444445
1 0.891796875 0.8805555555555555 0.01953125 0.07222222222222222
1 0.42890625 0.6840277777777778 0.0265625 0.04861111111111111
1 0.447265625 0.7652777777777777 0.01953125 0.03888888888888889
1 0.26796875 0.6708333333333333 0.053125 0.06944444444444445
1 0.3125 0.58125 0.0234375 0.05138888888888889
1 0.33359375 0.5097222222222222 0.04375 0.05
1 0.167578125 0.7631944444444444 0.04765625 0.05138888888888889
1 0.186328125 0.6958333333333333 0.01796875 0.03333333333333333
1 0.084765625 0.2965277777777778 0.03671875 0.02361111111111111