1 0.496875 0.525 0.0171875 0.04722222222222222
1 0.5140625 0.5131944444444444 0.0125 0.029166666666666667
1 0.56640625 0.6993055555555555 0.0296875 0.043055555555555555
1 0.699609375 0.7104166666666667 0.02578125 0.04027777777777778
1 0.55078125 0.9027777777777778 0.0328125 0.05277777777777778
1 0.66484375 0.8444444444444444 0.0171875 0.030555555555555555
1 0.30546875 0.8243055555555555 0.01875 0.03194444444444444
1 0.269921875 0.5972222222222222 0.02890625 0.041666666666666664
1 0.34921875 0.41388888888888886 0.01875 0.03333333333333333
1 0.142578125 0.43125 0.02109375 0.034722222222222224
1 0.18671875 0.58125 0.0296875 0.02361111111111111
1 0.098046875 0.7944444444444444 0.02734375 0.06944444444444445
1 0.08984375 0.8569444444444444 0.01875 0.05