1 0.432421875 0.5111111111111111 0.03359375 0.08888888888888889
1 0.38359375 0.6569444444444444 0.01875 0.03333333333333333
1 0.28125 0.6583333333333333 0.021875 0.07222222222222222
1 0.398828125 0.2965277777777778 0.01953125 0.05694444444444444
1 0.14296875 0.17430555555555555 0.028125 0.034722222222222224
1 0.25546875 0.1673611111111111 0.021875 0.02638888888888889
1 0.91328125 0.2263888888888889 0.0171875 0.016666666666666666
1 0.86015625 0.2465277777777778 0.0265625 0.034722222222222224
1 0.796875 0.2763888888888889 0.015625 0.027777777777777776
1 0.58515625 0.42291666666666666 0.0203125 0.029166666666666667
1 0.530078125 0.44513888888888886 0.01484375 0.05138888888888889