1 0.68125 0.2423611111111111 0.028125 0.0375
1 0.7328125 0.21666666666666667 0.0171875 0.025
1 0.6203125 0.2791666666666667 0.021875 0.027777777777777776
1 0.2671875 0.5395833333333333 0.0390625 0.08472222222222223
1 0.422265625 0.4354166666666667 0.02109375 0.02638888888888889
1 0.228125 0.3284722222222222 0.0171875 0.05138888888888889
1 0.23203125 0.6819444444444445 0.021875 0.027777777777777776
1 0.48203125 0.7645833333333333 0.03125 0.02638888888888889
1 0.903125 0.23958333333333334 0.01875 0.043055555555555555
1 0.971484375 0.36944444444444446 0.02734375 0.041666666666666664
1 0.130078125 0.6895833333333333 0.02109375 0.06527777777777778
1 0.8796875 0.7979166666666667 0.03125 0.059722222222222225
1 0.5109375 0.89375 0.021875 0.020833333333333332