1 0.441796875 0.575 0.02109375 0.07222222222222222
1 0.446875 0.19236111111111112 0.0296875 0.05694444444444444
1 0.294921875 0.20069444444444445 0.03203125 0.059722222222222225
1 0.028515625 0.6652777777777777 0.03359375 0.10277777777777777
1 0.09921875 0.5472222222222223 0.0125 0.03333333333333333
1 0.379296875 0.42291666666666666 0.01796875 0.03194444444444444
1 0.60078125 0.14097222222222222 0.0203125 0.0375
1 0.70703125 0.1326388888888889 0.01875 0.02361111111111111
1 0.85078125 0.25625 0.0140625 0.05138888888888889
1 0.8984375 0.4652777777777778 0.025 0.09166666666666666
1 0.8390625 0.6111111111111112 0.015625 0.030555555555555555
1 0.748828125 0.6041666666666666 0.02421875 0.06388888888888888