1 0.117578125 0.050694444444444445 0.04609375 0.029166666666666667
1 0.25234375 0.15069444444444444 0.075 0.07916666666666666
1 0.4453125 0.33055555555555555 0.0296875 0.05
1 0.363671875 0.26458333333333334 0.01953125 0.020833333333333332
1 0.7125 0.22847222222222222 0.0203125 0.05138888888888889
1 0.758203125 0.3145833333333333 0.04296875 0.0763888888888889
1 0.963671875 0.16527777777777777 0.03203125 0.06388888888888888
1 0.9171875 0.09583333333333334 0.025 0.044444444444444446
1 0.041796875 0.5305555555555556 0.01484375 0.03611111111111111
1 0.81796875 0.6069444444444444 0.01875 0.03333333333333333
1 0.24140625 0.9402777777777778 0.015625 0.05555555555555555