1 0.865625 0.475 0.025 0.06111111111111111
1 0.38671875 0.5361111111111111 0.0296875 0.03611111111111111
1 0.491015625 0.5993055555555555 0.02265625 0.034722222222222224
1 0.36015625 0.68125 0.0171875 0.04861111111111111
1 0.384375 0.70625 0.0203125 0.03194444444444444
1 0.473828125 0.8673611111111111 0.03515625 0.03194444444444444
1 0.46640625 0.7930555555555555 0.0203125 0.016666666666666666
1 0.503125 0.9534722222222223 0.0171875 0.0125
1 0.259765625 0.7534722222222222 0.01171875 0.0375
1 0.128515625 0.5569444444444445 0.02421875 0.04722222222222222
1 0.023828125 0.75625 0.01640625 0.034722222222222224
1 0.05859375 0.6736111111111112 0.0078125 0.027777777777777776
1 0.25625 0.9118055555555555 0.0109375 0.05138888888888889
1 0.28671875 0.91875 0.009375 0.02638888888888889
1 0.820703125 0.8930555555555556 0.01640625 0.013888888888888888