1 0.212109375 0.21875 0.02578125 0.0375
1 0.09765625 0.6055555555555555 0.053125 0.05555555555555555
1 0.27578125 0.4826388888888889 0.040625 0.09305555555555556
1 0.25859375 0.7347222222222223 0.0203125 0.041666666666666664
1 0.146875 0.7111111111111111 0.0296875 0.03333333333333333
1 0.4078125 0.8361111111111111 0.034375 0.03888888888888889
1 0.54609375 0.7229166666666667 0.01875 0.043055555555555555
1 0.78359375 0.9243055555555556 0.05625 0.05138888888888889
1 0.75390625 0.40208333333333335 0.0265625 0.07083333333333333
1 0.786328125 0.2152777777777778 0.02578125 0.09166666666666666
1 0.320703125 0.9548611111111112 0.01171875 0.06805555555555555