1 0.4015625 0.6381944444444444 0.0265625 0.07083333333333333
1 0.415625 0.44166666666666665 0.0234375 0.05
1 0.071484375 0.6263888888888889 0.03359375 0.075
1 0.219140625 0.5590277777777778 0.02265625 0.04027777777777778
1 0.0125 0.7868055555555555 0.0203125 0.043055555555555555
1 0.25859375 0.9548611111111112 0.01875 0.05138888888888889
1 0.233203125 0.9784722222222222 0.02578125 0.0375
1 0.629296875 0.91875 0.02109375 0.06527777777777778
1 0.51171875 0.75625 0.0296875 0.043055555555555555
1 0.6984375 0.7534722222222222 0.0265625 0.06527777777777778
1 0.6515625 0.5902777777777778 0.025 0.06388888888888888
1 0.738671875 0.5576388888888889 0.02109375 0.07083333333333333
1 0.7828125 0.8638888888888889 0.028125 0.07777777777777778
1 0.93984375 0.6680555555555555 0.0265625 0.044444444444444446
1 0.493359375 0.20972222222222223 0.01328125 0.030555555555555555
1 0.53515625 0.16875 0.0234375 0.029166666666666667
1 0.492578125 0.08402777777777778 0.01484375 0.03194444444444444