1 0.487890625 0.3 0.02421875 0.027777777777777776
1 0.553125 0.33611111111111114 0.025 0.022222222222222223
1 0.36953125 0.3770833333333333 0.0375 0.07916666666666666
1 0.36875 0.5444444444444444 0.021875 0.03888888888888889
1 0.315234375 0.6541666666666667 0.02578125 0.041666666666666664
1 0.474609375 0.7090277777777778 0.02421875 0.07083333333333333
1 0.409375 0.8527777777777777 0.0203125 0.03333333333333333
1 0.105078125 0.5347222222222222 0.02109375 0.06944444444444445
1 0.0109375 0.5638888888888889 0.0203125 0.06388888888888888
1 0.056640625 0.7291666666666666 0.03359375 0.06388888888888888
1 0.135546875 0.6986111111111111 0.01484375 0.019444444444444445
1 0.226171875 0.7368055555555556 0.02265625 0.08472222222222223
1 0.54921875 0.56875 0.01875 0.034722222222222224
1 0.816796875 0.9201388888888888 0.01953125 0.05416666666666667
1 0.96640625 0.7243055555555555 0.0140625 0.10694444444444444
1 0.89296875 0.17291666666666666 0.0265625 0.059722222222222225
1 0.66953125 0.3472222222222222 0.0328125 0.030555555555555555