1 0.1765625 0.37777777777777777 0.0265625 0.05
1 0.303125 0.11180555555555556 0.0265625 0.02638888888888889
1 0.2609375 0.14722222222222223 0.0140625 0.030555555555555555
1 0.407421875 0.5402777777777777 0.02109375 0.06388888888888888
1 0.493359375 0.5104166666666666 0.01953125 0.06527777777777778
1 0.453125 0.7006944444444444 0.028125 0.06805555555555555
1 0.5234375 0.6722222222222223 0.015625 0.022222222222222223
1 0.534375 0.8145833333333333 0.0296875 0.07916666666666666
1 0.387109375 0.8611111111111112 0.02421875 0.06388888888888888
1 0.270703125 0.6993055555555555 0.03203125 0.04583333333333333
1 0.159765625 0.5715277777777777 0.02578125 0.06805555555555555
1 0.7453125 0.5180555555555556 0.021875 0.03333333333333333
1 0.7453125 0.35 0.0375 0.08611111111111111
1 0.862890625 0.27708333333333335 0.02421875 0.029166666666666667
1 0.9328125 0.3125 0.025 0.022222222222222223
1 0.863671875 0.6847222222222222 0.01953125 0.075
1 0.798046875 0.8270833333333333 0.01484375 0.034722222222222224
1 0.69453125 0.6277777777777778 0.0234375 0.03888888888888889
1 0.93203125 0.5472222222222223 0.0171875 0.030555555555555555