1 0.458984375 0.3347222222222222 0.01640625 0.041666666666666664
1 0.590625 0.5409722222222222 0.015625 0.0375
1 0.74453125 0.15555555555555556 0.0109375 0.03888888888888889
1 0.79375 0.25 0.015625 0.027777777777777776
1 0.889453125 0.19166666666666668 0.02421875 0.027777777777777776
1 0.71484375 0.8486111111111111 0.0265625 0.030555555555555555
1 0.631640625 0.8583333333333333 0.00703125 0.030555555555555555
1 0.19609375 0.6041666666666666 0.01875 0.016666666666666666
1 0.2078125 0.6347222222222222 0.0265625 0.044444444444444446
1 0.044921875 0.3458333333333333 0.02578125 0.06666666666666667
1 0.108203125 0.33402777777777776 0.02578125 0.043055555555555555
1 0.070703125 0.2361111111111111 0.02109375 0.030555555555555555
1 0.073828125 0.07361111111111111 0.02265625 0.030555555555555555
1 0.445703125 0.9819444444444444 0.01015625 0.027777777777777776
1 0.831640625 0.6645833333333333 0.01015625 0.018055555555555554