1 0.36328125 0.14791666666666667 0.0109375 0.043055555555555555
1 0.408203125 0.25069444444444444 0.01328125 0.020833333333333332
1 0.33046875 0.33055555555555555 0.034375 0.03611111111111111
1 0.52109375 0.19166666666666668 0.0234375 0.030555555555555555
1 0.470703125 0.027083333333333334 0.01796875 0.029166666666666667
1 0.7234375 0.28194444444444444 0.034375 0.058333333333333334
1 0.912109375 0.2569444444444444 0.03203125 0.03333333333333333
1 0.957421875 0.2951388888888889 0.03203125 0.034722222222222224
1 0.84765625 0.5909722222222222 0.0140625 0.029166666666666667
1 0.690625 0.45694444444444443 0.034375 0.04722222222222222
1 0.29453125 0.8583333333333333 0.00625 0.030555555555555555
1 0.378125 0.8527777777777777 0.0265625 0.03333333333333333
1 0.19140625 0.5354166666666667 0.015625 0.04027777777777778