1 0.47578125 0.4125 0.01875 0.030555555555555555
1 0.283203125 0.27708333333333335 0.02109375 0.05416666666666667
1 0.228515625 0.34652777777777777 0.01953125 0.018055555555555554
1 0.2375 0.46944444444444444 0.0203125 0.025
1 0.425 0.11597222222222223 0.0171875 0.05416666666666667
1 0.57265625 0.14097222222222222 0.0265625 0.04583333333333333
1 0.760546875 0.4409722222222222 0.02890625 0.05416666666666667
1 0.74453125 0.5458333333333333 0.0109375 0.027777777777777776
1 0.859375 0.3013888888888889 0.01875 0.030555555555555555
1 0.869921875 0.8361111111111111 0.02734375 0.027777777777777776
1 0.7375 0.9201388888888888 0.015625 0.020833333333333332
1 0.566796875 0.7083333333333334 0.02578125 0.03611111111111111
1 0.348828125 0.25069444444444444 0.01640625 0.029166666666666667
1 0.203125 0.5840277777777778 0.0203125 0.029166666666666667