1 0.565625 0.45069444444444445 0.025 0.05138888888888889
1 0.576171875 0.5534722222222223 0.01015625 0.029166666666666667
1 0.656640625 0.31527777777777777 0.01953125 0.027777777777777776
1 0.8171875 0.2298611111111111 0.0140625 0.03194444444444444
1 0.70546875 0.8458333333333333 0.0265625 0.027777777777777776
1 0.562109375 0.9263888888888889 0.01640625 0.019444444444444445
1 0.401953125 0.7173611111111111 0.02578125 0.034722222222222224
1 0.06875 0.2826388888888889 0.0203125 0.059722222222222225
1 0.015234375 0.35138888888888886 0.01796875 0.022222222222222223
1 0.033203125 0.4736111111111111 0.01796875 0.025
1 0.209375 0.11944444444444445 0.0171875 0.05555555555555555
1 0.137109375 0.25555555555555554 0.01328125 0.025
1 0.3609375 0.14791666666666667 0.0265625 0.04861111111111111
1 0.273828125 0.41805555555555557 0.02109375 0.030555555555555555