1 0.34296875 0.4930555555555556 0.01875 0.041666666666666664
1 0.387109375 0.4875 0.04140625 0.04722222222222222
1 0.24140625 0.26319444444444445 0.015625 0.043055555555555555
1 0.22578125 0.3013888888888889 0.0125 0.03611111111111111
1 0.15078125 0.2763888888888889 0.01875 0.044444444444444446
1 0.15703125 0.3347222222222222 0.025 0.030555555555555555
1 0.148828125 0.4625 0.01171875 0.03611111111111111
1 0.936328125 0.91875 0.03515625 0.05138888888888889
1 0.88203125 0.5368055555555555 0.0203125 0.06527777777777778
1 0.765625 0.5145833333333333 0.021875 0.04583333333333333
1 0.7828125 0.22152777777777777 0.046875 0.04861111111111111
1 0.746875 0.3548611111111111 0.0375 0.04027777777777778
1 0.62890625 0.6819444444444445 0.0234375 0.044444444444444446