1 0.283203125 0.5520833333333334 0.03046875 0.04583333333333333
1 0.29609375 0.6416666666666667 0.009375 0.03888888888888889
1 0.525 0.8361111111111111 0.0234375 0.06388888888888888
1 0.5796875 0.5715277777777777 0.0125 0.04027777777777778
1 0.6609375 0.3486111111111111 0.0265625 0.025
1 0.805078125 0.48541666666666666 0.01796875 0.04861111111111111
1 0.937890625 0.33402777777777776 0.02890625 0.09305555555555556
1 0.903125 0.2548611111111111 0.05625 0.059722222222222225
1 0.90078125 0.7256944444444444 0.0328125 0.03194444444444444
1 0.916796875 0.6347222222222222 0.01796875 0.03611111111111111
1 0.975 0.7645833333333333 0.015625 0.02638888888888889
1 0.839453125 0.8638888888888889 0.01953125 0.022222222222222223