1 0.28203125 0.4965277777777778 0.040625 0.043055555555555555
1 0.136328125 0.27291666666666664 0.01640625 0.04583333333333333
1 0.119921875 0.31180555555555556 0.01171875 0.04027777777777778
1 0.044140625 0.2951388888888889 0.01796875 0.04027777777777778
1 0.53515625 0.6881944444444444 0.021875 0.043055555555555555
1 0.666015625 0.5222222222222223 0.02265625 0.05555555555555555
1 0.67421875 0.22708333333333333 0.0453125 0.05416666666666667
1 0.78515625 0.5395833333333333 0.0203125 0.07083333333333333
1 0.89921875 0.42916666666666664 0.0203125 0.03611111111111111
1 0.6453125 0.35694444444444445 0.034375 0.03611111111111111
1 0.046875 0.475 0.0109375 0.03611111111111111