1 0.496484375 0.4166666666666667 0.03203125 0.03888888888888889
1 0.30625 0.6263888888888889 0.0171875 0.016666666666666666
1 0.29765625 0.5402777777777777 0.015625 0.03333333333333333
1 0.378125 0.4673611111111111 0.0171875 0.020833333333333332
1 0.245703125 0.6375 0.01328125 0.016666666666666666
1 0.210546875 0.7055555555555556 0.01171875 0.044444444444444446
1 0.165234375 0.6430555555555556 0.02578125 0.027777777777777776
1 0.71484375 0.9722222222222222 0.021875 0.044444444444444446
1 0.9296875 0.6534722222222222 0.021875 0.0125
1 0.961328125 0.5888888888888889 0.02109375 0.027777777777777776
1 0.486328125 0.027083333333333334 0.01015625 0.02638888888888889