1 0.76015625 0.16041666666666668 0.0296875 0.03194444444444444
1 0.859375 0.17847222222222223 0.01875 0.043055555555555555
1 0.69296875 0.8013888888888889 0.0515625 0.06111111111111111
1 0.528515625 0.3548611111111111 0.01640625 0.029166666666666667
1 0.508203125 0.49444444444444446 0.01328125 0.027777777777777776
1 0.403515625 0.6854166666666667 0.04140625 0.0625
1 0.36875 0.5104166666666666 0.0171875 0.04861111111111111
1 0.29765625 0.525 0.0203125 0.027777777777777776
1 0.244921875 0.4847222222222222 0.03515625 0.06111111111111111
1 0.2515625 0.6361111111111111 0.021875 0.03888888888888889
1 0.291796875 0.8381944444444445 0.02734375 0.034722222222222224
1 0.35234375 0.7715277777777778 0.0125 0.04027777777777778
1 0.253515625 0.9736111111111111 0.01640625 0.04722222222222222
1 0.04140625 0.8048611111111111 0.03125 0.0625
1 0.129296875 0.0763888888888889 0.04140625 0.03333333333333333
1 0.03203125 0.1076388888888889 0.028125 0.029166666666666667