1 0.61328125 0.5923611111111111 0.0359375 0.043055555555555555
1 0.65078125 0.4888888888888889 0.0703125 0.07222222222222222
1 0.862109375 0.6618055555555555 0.01796875 0.0375
1 0.9328125 0.6097222222222223 0.021875 0.019444444444444445
1 0.8984375 0.5208333333333334 0.021875 0.07777777777777778
1 0.942578125 0.07777777777777778 0.02890625 0.044444444444444446
1 0.263671875 0.030555555555555555 0.02421875 0.06111111111111111
1 0.222265625 0.10902777777777778 0.02578125 0.08472222222222223
1 0.133203125 0.14375 0.02734375 0.04027777777777778
1 0.741015625 0.9388888888888889 0.01640625 0.05
1 0.919140625 0.8736111111111111 0.01640625 0.03888888888888889
1 0.843359375 0.8708333333333333 0.02265625 0.022222222222222223
1 0.212890625 0.4847222222222222 0.02265625 0.041666666666666664
1 0.18046875 0.6166666666666667 0.0171875 0.041666666666666664