1 0.0203125 0.6618055555555555 0.0375 0.0375
1 0.0984375 0.18611111111111112 0.0265625 0.030555555555555555
1 0.10859375 0.16319444444444445 0.021875 0.02361111111111111
1 0.14921875 0.15486111111111112 0.04375 0.03194444444444444
1 0.341015625 0.22152777777777777 0.01484375 0.0375
1 0.31953125 0.20555555555555555 0.009375 0.027777777777777776
1 0.380859375 0.2951388888888889 0.04296875 0.02638888888888889
1 0.4125 0.42430555555555555 0.0109375 0.02361111111111111
1 0.407421875 0.4847222222222222 0.01015625 0.022222222222222223
1 0.51796875 0.49027777777777776 0.0171875 0.03611111111111111
1 0.55703125 0.4861111111111111 0.0265625 0.07222222222222222
1 0.853515625 0.47638888888888886 0.01640625 0.05555555555555555
1 0.902734375 0.5756944444444444 0.01796875 0.02361111111111111
1 0.50078125 0.34791666666666665 0.0703125 0.2152777777777778