1 0.75546875 0.3388888888888889 0.0734375 0.20555555555555555
1 0.80625 0.46944444444444444 0.021875 0.07222222222222222
1 0.62421875 0.29305555555555557 0.0390625 0.025
1 0.65625 0.41944444444444445 0.009375 0.025
1 0.6515625 0.475 0.0109375 0.022222222222222223
1 0.579296875 0.225 0.01328125 0.03888888888888889
1 0.388671875 0.1597222222222222 0.04140625 0.03333333333333333
1 0.346875 0.16944444444444445 0.0203125 0.019444444444444445
1 0.2875 0.6493055555555556 0.0359375 0.0375
1 0.387890625 0.8361111111111111 0.04296875 0.041666666666666664
1 0.035546875 0.6722222222222223 0.03515625 0.1
1 0.684765625 0.3909722222222222 0.03515625 0.03194444444444444