1 0.291015625 0.12361111111111112 0.02265625 0.03333333333333333
1 0.1078125 0.12361111111111112 0.0359375 0.05
1 0.205859375 0.3055555555555556 0.04296875 0.022222222222222223
1 0.08515625 0.36666666666666664 0.034375 0.08055555555555556
1 0.1078125 0.6520833333333333 0.0234375 0.0625
1 0.07578125 0.8493055555555555 0.015625 0.0763888888888889
1 0.36796875 0.9236111111111112 0.01875 0.04722222222222222
1 0.783984375 0.1451388888888889 0.03671875 0.034722222222222224
1 0.98046875 0.3902777777777778 0.0234375 0.03333333333333333
1 0.815625 0.42777777777777776 0.0234375 0.03888888888888889
1 0.81953125 0.7541666666666667 0.028125 0.03611111111111111
1 0.817578125 0.5729166666666666 0.03515625 0.04861111111111111
1 0.8109375 0.5333333333333333 0.021875 0.016666666666666666