1 0.3953125 0.5083333333333333 0.0203125 0.05555555555555555
1 0.097265625 0.5840277777777778 0.02890625 0.07361111111111111
1 0.227734375 0.25972222222222224 0.02578125 0.027777777777777776
1 0.82890625 0.12083333333333333 0.0234375 0.030555555555555555
1 0.623046875 0.12430555555555556 0.03203125 0.05138888888888889
1 0.751171875 0.3020833333333333 0.03515625 0.020833333333333332
1 0.63203125 0.36875 0.0265625 0.08194444444444444
1 0.67734375 0.6416666666666667 0.0171875 0.058333333333333334
1 0.6125 0.8395833333333333 0.015625 0.06805555555555555
1 0.60546875 0.9666666666666667 0.0203125 0.030555555555555555
1 0.856640625 0.9013888888888889 0.01796875 0.044444444444444446