1 0.646875 0.1625 0.0375 0.030555555555555555
1 0.759765625 0.022222222222222223 0.02890625 0.044444444444444446
1 0.84609375 0.4131944444444444 0.0234375 0.034722222222222224
1 0.940234375 0.6083333333333333 0.02421875 0.1111111111111111
1 0.675390625 0.5875 0.03515625 0.044444444444444446
1 0.6734375 0.5493055555555556 0.021875 0.015277777777777777
1 0.678515625 0.44375 0.02109375 0.04027777777777778
1 0.16796875 0.11875 0.021875 0.02638888888888889
1 0.083203125 0.2951388888888889 0.04296875 0.02361111111111111
1 0.1234375 0.4777777777777778 0.0265625 0.05277777777777778
1 0.2421875 0.9166666666666666 0.0203125 0.04722222222222222
1 0.683203125 0.7652777777777777 0.02578125 0.030555555555555555