1 0.142578125 0.23333333333333334 0.01484375 0.05
1 0.27421875 0.2625 0.025 0.019444444444444445
1 0.24921875 0.26805555555555555 0.025 0.03888888888888889
1 0.159765625 0.3368055555555556 0.01953125 0.05138888888888889
1 0.2421875 0.3972222222222222 0.0140625 0.05277777777777778
1 0.266015625 0.5548611111111111 0.02265625 0.04583333333333333
1 0.316015625 0.6951388888888889 0.02265625 0.043055555555555555
1 0.539453125 0.6541666666666667 0.02109375 0.08611111111111111
1 0.578515625 0.5645833333333333 0.04453125 0.029166666666666667
1 0.487890625 0.4847222222222222 0.01796875 0.03333333333333333
1 0.45625 0.39652777777777776 0.0171875 0.018055555555555554
1 0.4734375 0.5861111111111111 0.0171875 0.03333333333333333
1 0.66171875 0.8111111111111111 0.0265625 0.022222222222222223
1 0.324609375 0.9305555555555556 0.01796875 0.08888888888888889