1 0.304296875 0.7472222222222222 0.03671875 0.09166666666666666
1 0.441015625 0.4673611111111111 0.04296875 0.0625
1 0.797265625 0.3173611111111111 0.03359375 0.05694444444444444
1 0.75234375 0.29583333333333334 0.0171875 0.016666666666666666
1 0.71484375 0.4236111111111111 0.028125 0.041666666666666664
1 0.973046875 0.6548611111111111 0.03046875 0.06805555555555555
1 0.948828125 0.6736111111111112 0.01484375 0.019444444444444445
1 0.4234375 0.8944444444444445 0.025 0.030555555555555555
1 0.4671875 0.7666666666666667 0.0125 0.030555555555555555
1 0.22109375 0.9576388888888889 0.028125 0.02638888888888889
1 0.19609375 0.43194444444444446 0.021875 0.03611111111111111
1 0.071875 0.30625 0.0171875 0.03194444444444444
1 0.265625 0.7666666666666667 0.0296875 0.08611111111111111
1 0.38828125 0.32430555555555557 0.05 0.08472222222222223
1 0.33828125 0.21180555555555555 0.03125 0.09027777777777778