1 0.389453125 0.15763888888888888 0.02421875 0.08194444444444444
1 0.34765625 0.22083333333333333 0.015625 0.03333333333333333
1 0.273046875 0.25555555555555554 0.03515625 0.05277777777777778
1 0.221484375 0.10902777777777778 0.03984375 0.08194444444444444
1 0.105078125 0.2791666666666667 0.02421875 0.019444444444444445
1 0.165234375 0.5013888888888889 0.05078125 0.03333333333333333
1 0.43515625 0.6069444444444444 0.0484375 0.025
1 0.50234375 0.4673611111111111 0.0171875 0.05416666666666667
1 0.47734375 0.14791666666666667 0.059375 0.09861111111111111
1 0.68515625 0.4736111111111111 0.0359375 0.07777777777777778
1 0.230859375 0.5243055555555556 0.01484375 0.04027777777777778