1 0.63125 0.9819444444444444 0.028125 0.027777777777777776
1 0.47734375 0.7444444444444445 0.021875 0.027777777777777776
1 0.722265625 0.1951388888888889 0.01328125 0.02638888888888889
1 0.7953125 0.16875 0.0125 0.03194444444444444
1 0.892578125 0.10069444444444445 0.03046875 0.0375
1 0.8734375 0.33055555555555555 0.021875 0.03611111111111111
1 0.86796875 0.28541666666666665 0.0140625 0.015277777777777777
1 0.95 0.20902777777777778 0.009375 0.029166666666666667
1 0.906640625 0.6041666666666666 0.01796875 0.022222222222222223
1 0.207421875 0.9416666666666667 0.01171875 0.03611111111111111
1 0.19453125 0.4840277777777778 0.0125 0.04027777777777778