1 0.43828125 0.49027777777777776 0.0234375 0.044444444444444446
1 0.4875 0.5131944444444444 0.0203125 0.02361111111111111
1 0.383984375 0.4576388888888889 0.01796875 0.05416666666666667
1 0.831640625 0.3104166666666667 0.01953125 0.029166666666666667
1 0.60390625 0.8784722222222222 0.0109375 0.043055555555555555
1 0.540625 0.8930555555555556 0.025 0.027777777777777776
1 0.4046875 0.7333333333333333 0.0171875 0.030555555555555555
1 0.83046875 0.9243055555555556 0.0265625 0.034722222222222224
1 0.209765625 0.5472222222222223 0.01640625 0.03333333333333333
1 0.14921875 0.6159722222222223 0.025 0.034722222222222224
1 0.0265625 0.7333333333333333 0.0140625 0.05277777777777778