1 0.705859375 0.73125 0.04296875 0.0625
1 0.896484375 0.9340277777777778 0.02109375 0.04027777777777778
1 0.848046875 0.96875 0.02578125 0.02361111111111111
1 0.885546875 0.4798611111111111 0.02109375 0.043055555555555555
1 0.820703125 0.32916666666666666 0.02578125 0.030555555555555555
1 0.784765625 0.3284722222222222 0.02109375 0.018055555555555554
1 0.68515625 0.22569444444444445 0.053125 0.04583333333333333
1 0.880078125 0.2111111111111111 0.08984375 0.10277777777777777
1 0.24765625 0.4777777777777778 0.04375 0.075
1 0.4484375 0.5604166666666667 0.0234375 0.04027777777777778
1 0.30546875 0.21944444444444444 0.0625 0.07222222222222222
1 0.04453125 0.48333333333333334 0.015625 0.044444444444444446
1 0.6859375 0.9826388888888888 0.01875 0.02361111111111111
1 0.8796875 0.5423611111111111 0.0203125 0.05416666666666667
1 0.5453125 0.8041666666666667 0.015625 0.03611111111111111
1 0.223046875 0.8819444444444444 0.02265625 0.06666666666666667