1 0.332421875 0.7659722222222223 0.05546875 0.05138888888888889
1 0.514453125 0.46944444444444444 0.03671875 0.06388888888888888
1 0.503125 0.5388888888888889 0.0265625 0.027777777777777776
1 0.525390625 0.5854166666666667 0.01171875 0.04027777777777778
1 0.567578125 0.1076388888888889 0.02578125 0.06805555555555555
1 0.64921875 0.66875 0.0296875 0.029166666666666667
1 0.89765625 0.7743055555555556 0.0265625 0.09861111111111111
1 0.732421875 0.8534722222222222 0.05078125 0.05138888888888889
1 0.51015625 0.8541666666666666 0.040625 0.044444444444444446
1 0.19375 0.8097222222222222 0.0359375 0.09166666666666666
1 0.0484375 0.83125 0.0171875 0.03194444444444444