1 0.718359375 0.9090277777777778 0.01953125 0.034722222222222224
1 0.9453125 0.8416666666666667 0.025 0.041666666666666664
1 0.725390625 0.8298611111111112 0.02578125 0.09305555555555556
1 0.8296875 0.5513888888888889 0.040625 0.03333333333333333
1 0.93125 0.36666666666666664 0.028125 0.027777777777777776
1 0.79609375 0.20694444444444443 0.0359375 0.05555555555555555
1 0.79140625 0.27152777777777776 0.0265625 0.020833333333333332
1 0.8171875 0.3104166666666667 0.009375 0.0375
1 0.667578125 0.49583333333333335 0.05546875 0.05277777777777778
1 0.553515625 0.5527777777777778 0.03359375 0.075
1 0.507421875 0.2111111111111111 0.01953125 0.04722222222222222
1 0.375390625 0.6527777777777778 0.02109375 0.03611111111111111
1 0.14921875 0.7465277777777778 0.028125 0.05694444444444444
1 0.108203125 0.76875 0.01953125 0.07361111111111111
1 0.108984375 0.3576388888888889 0.02265625 0.043055555555555555