1 0.1078125 0.2638888888888889 0.0296875 0.05277777777777778
1 0.39140625 0.6305555555555555 0.0234375 0.03333333333333333
1 0.367578125 0.74375 0.03984375 0.034722222222222224
1 0.456640625 0.7555555555555555 0.04765625 0.027777777777777776
1 0.54140625 0.6923611111111111 0.0234375 0.0375
1 0.5640625 0.7159722222222222 0.021875 0.09027777777777778
1 0.610546875 0.5361111111111111 0.02734375 0.075
1 0.730859375 0.41180555555555554 0.02421875 0.043055555555555555
1 0.778125 0.3972222222222222 0.028125 0.041666666666666664
1 0.740234375 0.8041666666666667 0.02421875 0.06388888888888888
1 0.77578125 0.7888888888888889 0.0328125 0.05555555555555555
1 0.636328125 0.925 0.03359375 0.05555555555555555
1 0.428515625 0.86875 0.04453125 0.06805555555555555