1 0.351953125 0.7895833333333333 0.02421875 0.07083333333333333
1 0.39296875 0.7715277777777778 0.028125 0.05416666666666667
1 0.22890625 0.9159722222222222 0.025 0.05138888888888889
1 0.148046875 0.6763888888888889 0.02265625 0.03611111111111111
1 0.054296875 0.7430555555555556 0.04609375 0.030555555555555555
1 0.227734375 0.5069444444444444 0.02421875 0.07777777777777778
1 0.36328125 0.375 0.021875 0.04722222222222222
1 0.79140625 0.6159722222222223 0.0359375 0.08194444444444444
1 0.90234375 0.5694444444444444 0.05625 0.05
1 0.6125 0.7027777777777777 0.01875 0.03611111111111111
1 0.657421875 0.64375 0.01640625 0.029166666666666667
1 0.746875 0.25833333333333336 0.01875 0.05