1 0.288671875 0.31527777777777777 0.02421875 0.030555555555555555
1 0.34921875 0.43194444444444446 0.034375 0.08055555555555556
1 0.275 0.4534722222222222 0.0265625 0.0375
1 0.2125 0.4756944444444444 0.0234375 0.11805555555555555
1 0.9390625 0.09305555555555556 0.025 0.03888888888888889
1 0.973046875 0.19444444444444445 0.02578125 0.06666666666666667
1 0.86640625 0.5548611111111111 0.0484375 0.034722222222222224
1 0.930078125 0.5118055555555555 0.01484375 0.020833333333333332
1 0.707421875 0.5291666666666667 0.02265625 0.03333333333333333
1 0.634765625 0.4534722222222222 0.01328125 0.04027777777777778
1 0.59609375 0.49930555555555556 0.0171875 0.04027777777777778
1 0.640234375 0.6076388888888888 0.02265625 0.0375
1 0.602734375 0.6729166666666667 0.01796875 0.03194444444444444
1 0.314453125 0.8847222222222222 0.02421875 0.030555555555555555
1 0.2546875 0.8298611111111112 0.0171875 0.029166666666666667
1 0.116015625 0.8472222222222222 0.01953125 0.05
1 0.1890625 0.9444444444444444 0.0625 0.044444444444444446