1 0.48671875 0.30069444444444443 0.028125 0.03194444444444444
1 0.550390625 0.4222222222222222 0.03671875 0.08055555555555556
1 0.4734375 0.4395833333333333 0.03125 0.0375
1 0.4171875 0.4583333333333333 0.028125 0.12222222222222222
1 0.826171875 0.45208333333333334 0.01484375 0.04583333333333333
1 0.787109375 0.4979166666666667 0.01953125 0.043055555555555555
1 0.832421875 0.6083333333333333 0.02421875 0.03888888888888889
1 0.794921875 0.6777777777777778 0.01640625 0.027777777777777776
1 0.89609375 0.5326388888888889 0.0234375 0.03194444444444444
1 0.32265625 0.8284722222222223 0.0234375 0.05416666666666667
1 0.455859375 0.8138888888888889 0.01796875 0.027777777777777776
1 0.517578125 0.8722222222222222 0.02890625 0.03333333333333333
1 0.5765625 0.9569444444444445 0.0421875 0.075
1 0.395703125 0.9298611111111111 0.06640625 0.043055555555555555
1 0.170703125 0.8916666666666667 0.03359375 0.06111111111111111
1 0.042578125 0.8340277777777778 0.03203125 0.04861111111111111
1 0.2203125 0.6444444444444445 0.015625 0.041666666666666664
1 0.111328125 0.47430555555555554 0.01953125 0.05138888888888889
1 0.135546875 0.78125 0.01640625 0.0375