1 0.23125 0.7201388888888889 0.0265625 0.029166666666666667
1 0.0828125 0.5368055555555555 0.0375 0.06527777777777778
1 0.078125 0.6083333333333333 0.025 0.025
1 0.101953125 0.65 0.01171875 0.041666666666666664
1 0.08984375 0.9201388888888888 0.0375 0.04027777777777778
1 0.312890625 0.7131944444444445 0.02421875 0.09305555555555556
1 0.48984375 0.7993055555555556 0.0234375 0.09861111111111111
1 0.7484375 0.6763888888888889 0.01875 0.058333333333333334
1 0.833984375 0.8659722222222223 0.02109375 0.04027777777777778
1 0.926171875 0.8409722222222222 0.03515625 0.043055555555555555
1 0.72265625 0.4236111111111111 0.0421875 0.03611111111111111
1 0.143359375 0.043055555555555555 0.04140625 0.06111111111111111
1 0.141015625 0.16527777777777777 0.02890625 0.07222222222222222
1 0.764453125 0.035416666666666666 0.04296875 0.0375