1 0.5453125 0.4618055555555556 0.0375 0.059722222222222225
1 0.621484375 0.6319444444444444 0.02734375 0.03888888888888889
1 0.450390625 0.49027777777777776 0.01796875 0.03888888888888889
1 0.371875 0.4375 0.0203125 0.03611111111111111
1 0.45546875 0.5340277777777778 0.0125 0.034722222222222224
1 0.478125 0.5777777777777777 0.025 0.03611111111111111
1 0.148046875 0.7430555555555556 0.01796875 0.016666666666666666
1 0.166796875 0.7409722222222223 0.01796875 0.034722222222222224
1 0.516015625 0.8069444444444445 0.04296875 0.03888888888888889
1 0.74609375 0.7833333333333333 0.0140625 0.016666666666666666
1 0.850390625 0.7347222222222223 0.01953125 0.03333333333333333
1 0.976953125 0.27847222222222223 0.02890625 0.034722222222222224
1 0.294140625 0.4173611111111111 0.03359375 0.029166666666666667
1 0.297265625 0.36041666666666666 0.02265625 0.029166666666666667
1 0.266015625 0.3784722222222222 0.01015625 0.029166666666666667
1 0.241796875 0.36319444444444443 0.02109375 0.02638888888888889
1 0.183203125 0.33402777777777776 0.02421875 0.05694444444444444
1 0.16640625 0.1326388888888889 0.015625 0.04027777777777778
1 0.3984375 0.04652777777777778 0.0265625 0.05694444444444444