1 0.3328125 0.5590277777777778 0.0421875 0.06527777777777778
1 0.350390625 0.33055555555555555 0.03203125 0.030555555555555555
1 0.276953125 0.4361111111111111 0.01640625 0.030555555555555555
1 0.5 0.6701388888888888 0.0125 0.034722222222222224
1 0.286328125 0.8555555555555555 0.03515625 0.04722222222222222
1 0.85859375 0.4652777777777778 0.0328125 0.03888888888888889
1 0.41484375 0.08472222222222223 0.03125 0.05277777777777778
1 0.44609375 0.10069444444444445 0.034375 0.09861111111111111
1 0.75703125 0.9173611111111111 0.025 0.034722222222222224
1 0.616796875 0.7527777777777778 0.01484375 0.019444444444444445
1 0.1234375 0.49375 0.0203125 0.020833333333333332