1 0.2421875 0.4388888888888889 0.0171875 0.03888888888888889
1 0.162890625 0.4222222222222222 0.03203125 0.030555555555555555
1 0.1140625 0.36527777777777776 0.0234375 0.027777777777777776
1 0.13671875 0.38125 0.009375 0.029166666666666667
1 0.06015625 0.33819444444444446 0.025 0.05694444444444444
1 0.0515625 0.13819444444444445 0.0171875 0.0375
1 0.2828125 0.05138888888888889 0.0234375 0.058333333333333334
1 0.318359375 0.49166666666666664 0.01484375 0.03611111111111111
1 0.32109375 0.5402777777777777 0.0125 0.03611111111111111
1 0.3421875 0.5826388888888889 0.0265625 0.034722222222222224
1 0.414453125 0.46805555555555556 0.03671875 0.06111111111111111
1 0.4859375 0.6388888888888888 0.0234375 0.041666666666666664
1 0.369140625 0.8152777777777778 0.04140625 0.03611111111111111
1 0.0296875 0.7388888888888889 0.0171875 0.03333333333333333
1 0.01015625 0.7416666666666667 0.01875 0.022222222222222223
1 0.60390625 0.7902777777777777 0.0140625 0.016666666666666666
1 0.71015625 0.7409722222222223 0.0171875 0.034722222222222224
1 0.93828125 0.45 0.0296875 0.05277777777777778
1 0.871875 0.4131944444444444 0.0234375 0.03194444444444444
1 0.85859375 0.28888888888888886 0.0265625 0.03333333333333333
1 0.580859375 0.35694444444444445 0.02109375 0.025