1 0.38359375 0.7118055555555556 0.03125 0.07083333333333333
1 0.31953125 0.6715277777777777 0.0234375 0.018055555555555554
1 0.20859375 0.7465277777777778 0.03125 0.0375
1 0.23046875 0.6125 0.0109375 0.030555555555555555
1 0.18046875 0.63125 0.0125 0.018055555555555554
1 0.126953125 0.3368055555555556 0.03515625 0.034722222222222224
1 0.05625 0.9791666666666666 0.0171875 0.03611111111111111
1 0.808984375 0.6 0.02734375 0.09722222222222222
1 0.511328125 0.5819444444444445 0.02734375 0.025
1 0.566015625 0.5125 0.02265625 0.027777777777777776
1 0.64921875 0.49166666666666664 0.0140625 0.03611111111111111