1 0.174609375 0.058333333333333334 0.01640625 0.027777777777777776
1 0.36328125 0.1798611111111111 0.046875 0.04027777777777778
1 0.506640625 0.26666666666666666 0.03828125 0.030555555555555555
1 0.63125 0.17430555555555555 0.05625 0.05138888888888889
1 0.78828125 0.17847222222222223 0.0328125 0.05416666666666667
1 0.71328125 0.29097222222222224 0.0234375 0.043055555555555555
1 0.771875 0.36875 0.0234375 0.04861111111111111
1 0.584765625 0.5215277777777778 0.02109375 0.04027777777777778
1 0.620703125 0.8826388888888889 0.01796875 0.04583333333333333
1 0.58671875 0.8465277777777778 0.03125 0.03194444444444444
1 0.516796875 0.8763888888888889 0.01953125 0.03611111111111111