1 0.288671875 0.2465277777777778 0.05703125 0.07083333333333333
1 0.41796875 0.06666666666666667 0.015625 0.027777777777777776
1 0.859765625 0.175 0.05546875 0.05
1 0.733984375 0.2652777777777778 0.03515625 0.027777777777777776
1 0.934765625 0.2881944444444444 0.02265625 0.043055555555555555
1 0.988671875 0.2798611111111111 0.01328125 0.029166666666666667
1 0.8140625 0.5152777777777777 0.025 0.04722222222222222
1 0.8515625 0.8659722222222223 0.01875 0.04027777777777778
1 0.81953125 0.8298611111111112 0.028125 0.029166666666666667
1 0.74921875 0.8625 0.0203125 0.03333333333333333
1 0.23359375 0.6034722222222222 0.015625 0.029166666666666667
1 0.16015625 0.6708333333333333 0.0203125 0.044444444444444446