1 0.233984375 0.06111111111111111 0.01640625 0.025
1 0.09453125 0.24444444444444444 0.053125 0.075
1 0.040625 0.6131944444444445 0.0140625 0.029166666666666667
1 0.567578125 0.8770833333333333 0.01953125 0.0375
1 0.639453125 0.8444444444444444 0.02890625 0.030555555555555555
1 0.67265625 0.8826388888888889 0.0171875 0.04027777777777778
1 0.76640625 0.29305555555555557 0.0203125 0.04722222222222222
1 0.8234375 0.28194444444444444 0.0125 0.03333333333333333
1 0.840625 0.17916666666666667 0.0296875 0.05555555555555555
1 0.823828125 0.37083333333333335 0.02109375 0.05
1 0.559765625 0.26875 0.03671875 0.029166666666666667