1 0.324609375 0.2388888888888889 0.01484375 0.03611111111111111
1 0.090625 0.07291666666666667 0.0171875 0.05416666666666667
1 0.106640625 0.027083333333333334 0.01640625 0.04583333333333333
1 0.533984375 0.10416666666666667 0.01328125 0.030555555555555555
1 0.541015625 0.40902777777777777 0.02578125 0.0375
1 0.4953125 0.5944444444444444 0.01875 0.03611111111111111
1 0.772265625 0.44375 0.01640625 0.06805555555555555
1 0.77578125 0.3506944444444444 0.0359375 0.034722222222222224
1 0.8515625 0.33611111111111114 0.0171875 0.027777777777777776
1 0.862109375 0.4444444444444444 0.02890625 0.041666666666666664
1 0.906640625 0.18194444444444444 0.02578125 0.03611111111111111