1 0.265234375 0.5736111111111111 0.01796875 0.030555555555555555
1 0.58671875 0.5826388888888889 0.0578125 0.09027777777777778
1 0.63515625 0.41180555555555554 0.0265625 0.0375
1 0.7328125 0.4847222222222222 0.028125 0.041666666666666664
1 0.98828125 0.17152777777777778 0.0203125 0.02361111111111111
1 0.93203125 0.025 0.0390625 0.03888888888888889
1 0.683203125 0.14305555555555555 0.02421875 0.03333333333333333
1 0.6234375 0.30277777777777776 0.01875 0.027777777777777776
1 0.54453125 0.31666666666666665 0.0328125 0.030555555555555555
1 0.543359375 0.4166666666666667 0.01796875 0.06666666666666667
1 0.305078125 0.38472222222222224 0.02265625 0.03333333333333333
1 0.0828125 0.2222222222222222 0.0140625 0.03333333333333333
1 0.308203125 0.075 0.01328125 0.03333333333333333