1 0.3234375 0.5236111111111111 0.0140625 0.04722222222222222
1 0.4625 0.2972222222222222 0.0171875 0.041666666666666664
1 0.521875 0.28958333333333336 0.0125 0.03194444444444444
1 0.51796875 0.3770833333333333 0.01875 0.04861111111111111
1 0.315625 0.84375 0.0265625 0.03194444444444444
1 0.3484375 0.8819444444444444 0.0140625 0.041666666666666664
1 0.242578125 0.8777777777777778 0.01953125 0.03888888888888889
1 0.105859375 0.1763888888888889 0.03671875 0.03888888888888889
1 0.255078125 0.2652777777777778 0.03671875 0.03333333333333333
1 0.38125 0.17708333333333334 0.0546875 0.04861111111111111
1 0.53984375 0.18958333333333333 0.03125 0.059722222222222225
1 0.798046875 0.034027777777777775 0.01796875 0.034722222222222224
1 0.775 0.3590277777777778 0.0515625 0.11527777777777778