1 0.672265625 0.21666666666666667 0.01328125 0.03888888888888889
1 0.725 0.3104166666666667 0.03125 0.06805555555555555
1 0.87890625 0.14444444444444443 0.028125 0.05
1 0.861328125 0.1 0.02109375 0.03611111111111111
1 0.236328125 0.7270833333333333 0.05234375 0.04583333333333333
1 0.19140625 0.6944444444444444 0.0203125 0.019444444444444445
1 0.296484375 0.9215277777777777 0.01953125 0.0625
1 0.500390625 0.8270833333333333 0.02421875 0.02638888888888889
1 0.8421875 0.9743055555555555 0.0203125 0.034722222222222224
1 0.9078125 0.71875 0.028125 0.03194444444444444
1 0.035546875 0.8541666666666666 0.01484375 0.025