1 0.07109375 0.9055555555555556 0.025 0.06388888888888888
1 0.223828125 0.8256944444444444 0.02890625 0.12638888888888888
1 0.247265625 0.7111111111111111 0.01171875 0.05277777777777778
1 0.344921875 0.7930555555555555 0.02578125 0.03611111111111111
1 0.436328125 0.7743055555555556 0.05390625 0.043055555555555555
1 0.558984375 0.7847222222222222 0.02578125 0.03611111111111111
1 0.53515625 0.8659722222222223 0.03125 0.05694444444444444
1 0.638671875 0.9638888888888889 0.02265625 0.03611111111111111
1 0.8515625 0.8145833333333333 0.015625 0.04861111111111111
1 0.778125 0.11736111111111111 0.021875 0.05138888888888889
1 0.9703125 0.16111111111111112 0.01875 0.03611111111111111
1 0.5546875 0.5152777777777777 0.0203125 0.041666666666666664