1 0.234765625 0.21388888888888888 0.02734375 0.04722222222222222
1 0.14921875 0.2076388888888889 0.046875 0.0875
1 0.110546875 0.1125 0.02421875 0.05555555555555555
1 0.094140625 0.06527777777777778 0.02109375 0.027777777777777776
1 0.0859375 0.4583333333333333 0.01875 0.04722222222222222
1 0.224609375 0.7625 0.02421875 0.041666666666666664
1 0.242578125 0.8833333333333333 0.01796875 0.07777777777777778
1 0.262890625 0.6805555555555556 0.02578125 0.09444444444444444
1 0.55703125 0.8305555555555556 0.0390625 0.05
1 0.66171875 0.9791666666666666 0.0296875 0.030555555555555555
1 0.731640625 0.34930555555555554 0.01953125 0.05138888888888889
1 0.780859375 0.26875 0.01015625 0.04861111111111111