1 0.710546875 0.28055555555555556 0.03984375 0.030555555555555555
1 0.760546875 0.25555555555555554 0.03671875 0.03888888888888889
1 0.759765625 0.3416666666666667 0.02109375 0.03333333333333333
1 0.730859375 0.32083333333333336 0.02734375 0.05
1 0.81171875 0.11805555555555555 0.025 0.044444444444444446
1 0.72890625 0.1597222222222222 0.0203125 0.027777777777777776
1 0.406640625 0.42083333333333334 0.01328125 0.06111111111111111
1 0.46796875 0.5354166666666667 0.025 0.043055555555555555
1 0.305859375 0.5201388888888889 0.01953125 0.04027777777777778
1 0.072265625 0.7236111111111111 0.01640625 0.03888888888888889
1 0.037109375 0.2986111111111111 0.02109375 0.05277777777777778
1 0.146484375 0.36944444444444446 0.01796875 0.03333333333333333
1 0.048828125 0.1527777777777778 0.01953125 0.05555555555555555
1 0.062890625 0.9472222222222222 0.02109375 0.06666666666666667