1 0.778125 0.15755208333333334 0.035416666666666666 0.0546875
1 0.8364583333333333 0.14973958333333334 0.035416666666666666 0.0390625
1 0.8916666666666667 0.15494791666666666 0.041666666666666664 0.044270833333333336
1 0.6291666666666667 0.15494791666666666 0.0375 0.044270833333333336
1 0.49583333333333335 0.13802083333333334 0.041666666666666664 0.052083333333333336
1 0.06666666666666667 0.16145833333333334 0.041666666666666664 0.041666666666666664
1 0.036458333333333336 0.08984375 0.035416666666666666 0.044270833333333336
1 0.38958333333333334 0.359375 0.04583333333333333 0.07291666666666667
1 0.684375 0.37890625 0.03958333333333333 0.059895833333333336
1 0.5260416666666666 0.7239583333333334 0.03958333333333333 0.057291666666666664
1 0.5708333333333333 0.6640625 0.041666666666666664 0.06770833333333333
1 0.10729166666666666 0.6471354166666666 0.06041666666666667 0.059895833333333336
1 0.2916666666666667 0.88671875 0.020833333333333332 0.0234375
1 0.42916666666666664 0.91796875 0.025 0.033854166666666664
1 0.453125 0.8971354166666666 0.022916666666666665 0.018229166666666668
1 0.5354166666666667 0.9778645833333334 0.03333333333333333 0.0234375
1 0.6552083333333333 0.93359375 0.022916666666666665 0.028645833333333332
1 0.7322916666666667 0.9192708333333334 0.03125 0.020833333333333332