1 0.18984375 0.296875 0.0234375 0.027083333333333334
1 0.14765625 0.39895833333333336 0.0109375 0.01875
1 0.16171875 0.41770833333333335 0.0140625 0.022916666666666665
1 0.2625 0.346875 0.015625 0.03125
1 0.06171875 0.5302083333333333 0.0171875 0.03125
1 0.72109375 0.421875 0.0109375 0.027083333333333334
1 0.73984375 0.48541666666666666 0.0171875 0.020833333333333332
1 0.88515625 0.35104166666666664 0.0171875 0.03125
1 0.8125 0.27395833333333336 0.01875 0.027083333333333334
1 0.890625 0.45729166666666665 0.021875 0.01875
1 0.875 0.40208333333333335 0.0125 0.03333333333333333
1 0.87734375 0.4979166666666667 0.0140625 0.029166666666666667
1 0.8203125 0.4979166666666667 0.015625 0.03333333333333333
1 0.40078125 0.503125 0.0171875 0.022916666666666665
1 0.6078125 0.421875 0.015625 0.014583333333333334
0 0.33671875 0.4197916666666667 0.0921875 0.10625
1 0.29609375 0.034375 0.0421875 0.04375