1 0.282 0.4706666666666667 0.032 0.05333333333333334
1 0.152 0.5 0.03 0.048
1 0.088 0.5793333333333334 0.038 0.03333333333333333
1 0.6115 0.49666666666666665 0.021 0.03333333333333333
1 0.641 0.5073333333333333 0.034 0.03333333333333333
1 0.952 0.512 0.032 0.050666666666666665
1 0.718 0.662 0.034 0.028
1 0.759 0.786 0.03 0.03333333333333333
1 0.834 0.7513333333333333 0.032 0.03333333333333333
1 0.411 0.8366666666666667 0.018 0.04933333333333333
1 0.3215 0.75 0.023 0.03866666666666667
1 0.254 0.7913333333333333 0.026 0.03866666666666667
1 0.2315 0.15 0.039 0.06266666666666666
1 0.355 0.10266666666666667 0.026 0.037333333333333336
1 0.582 0.17466666666666666 0.024 0.029333333333333333
1 0.6725 0.16066666666666668 0.021 0.036
1 0.6095 0.076 0.025 0.037333333333333336
1 0.837 0.08333333333333333 0.038 0.07066666666666667