1 0.25 0.06333333333333334 0.02 0.028
1 0.794 0.07733333333333334 0.026 0.037333333333333336
1 0.6435 0.38866666666666666 0.023 0.028
1 0.736 0.366 0.026 0.044
1 0.704 0.38066666666666665 0.036 0.036
1 0.9265 0.342 0.039 0.036
1 0.953 0.6626666666666666 0.048 0.06666666666666667
1 0.9155 0.6333333333333333 0.023 0.029333333333333333
1 0.892 0.6986666666666667 0.028 0.056
1 0.812 0.722 0.02 0.04133333333333333
1 0.7245 0.6546666666666666 0.029 0.032
1 0.693 0.6573333333333333 0.02 0.04
1 0.698 0.7133333333333334 0.026 0.034666666666666665
1 0.319 0.698 0.024 0.028