1 0.158 0.075 0.036 0.028
1 0.144 0.1325 0.034666666666666665 0.023
1 0.15 0.18 0.030666666666666665 0.028
1 0.16133333333333333 0.325 0.034666666666666665 0.028
1 0.14866666666666667 0.476 0.036 0.026
1 0.11066666666666666 0.939 0.034666666666666665 0.024
1 0.168 0.967 0.034666666666666665 0.018
1 0.18266666666666667 0.903 0.029333333333333333 0.028
1 0.42866666666666664 0.09 0.036 0.026
1 0.46266666666666667 0.135 0.037333333333333336 0.022
1 0.39 0.299 0.025333333333333333 0.028
1 0.416 0.411 0.04 0.028
1 0.4026666666666667 0.6005 0.032 0.027
1 0.368 0.7715 0.042666666666666665 0.021
1 0.706 0.8615 0.03866666666666667 0.025
1 0.7593333333333333 0.446 0.030666666666666665 0.026
1 0.722 0.3945 0.04666666666666667 0.031
1 0.728 0.114 0.034666666666666665 0.024