1 0.742 0.63 0.018 0.04133333333333333
0 0.5555 0.426 0.037 0.025333333333333333
0 0.5675 0.46266666666666667 0.011 0.04533333333333334
0 0.467 0.43333333333333335 0.034 0.021333333333333333
0 0.4455 0.44533333333333336 0.011 0.05333333333333334
0 0.3865 0.4666666666666667 0.017 0.064
0 0.299 0.4206666666666667 0.01 0.04933333333333333
0 0.276 0.438 0.024 0.04666666666666667
0 0.2505 0.482 0.027 0.04666666666666667
0 0.7115 0.42133333333333334 0.027 0.02666666666666667
0 0.8895 0.4226666666666667 0.027 0.029333333333333333