0 0.5193333333333333 0.4035 0.028 0.043
0 0.488 0.5325 0.07466666666666667 0.021
0 0.4693333333333333 0.6295 0.050666666666666665 0.047
1 0.058 0.2965 0.017333333333333333 0.057
1 0.1 0.1925 0.018666666666666668 0.027
1 0.36933333333333335 0.049 0.04 0.016
1 0.38666666666666666 0.241 0.010666666666666666 0.034
1 0.3973333333333333 0.369 0.02666666666666667 0.012
1 0.7 0.0225 0.032 0.027
1 0.7166666666666667 0.0845 0.04133333333333333 0.021
1 0.6806666666666666 0.262 0.025333333333333333 0.026
1 0.69 0.2845 0.012 0.027