1 0.1385 0.9146666666666666 0.045 0.06666666666666667
1 0.26 0.8913333333333333 0.044 0.07066666666666667
1 0.592 0.8993333333333333 0.026 0.044
1 0.624 0.9226666666666666 0.036 0.04533333333333334
1 0.9455 0.9453333333333334 0.049 0.07466666666666667
1 0.655 0.5673333333333334 0.028 0.05466666666666667
1 0.5675 0.6066666666666667 0.033 0.042666666666666665
1 0.592 0.512 0.034 0.048
1 0.8375 0.5093333333333333 0.059 0.08266666666666667
1 0.578 0.214 0.044 0.05733333333333333
1 0.496 0.29933333333333334 0.04 0.052