1 0.5265625 0.6427083333333333 0.040625 0.06458333333333334
1 0.671875 0.65625 0.05625 0.05416666666666667
1 0.8203125 0.6447916666666667 0.04375 0.06875
1 0.8796875 0.6260416666666667 0.040625 0.052083333333333336
1 0.93515625 0.6427083333333333 0.0515625 0.05625
1 0.596875 0.26145833333333335 0.0375 0.07708333333333334
1 0.05703125 0.596875 0.0359375 0.052083333333333336
1 0.021875 0.646875 0.034375 0.04791666666666667
1 0.0828125 0.68125 0.04375 0.04583333333333333
1 0.221875 0.8322916666666667 0.053125 0.08125
1 0.4015625 0.8697916666666666 0.046875 0.06458333333333334
1 0.71015625 0.890625 0.0421875 0.05625
1 0.56875 0.8958333333333334 0.059375 0.07083333333333333
1 0.90234375 0.34479166666666666 0.0421875 0.06041666666666667