1 0.6025 0.23 0.019 0.052
1 0.125 0.6046666666666667 0.024 0.030666666666666665
1 0.543 0.5846666666666667 0.024 0.036
1 0.6825 0.608 0.023 0.032
1 0.8165 0.5926666666666667 0.023 0.03333333333333333
1 0.866 0.5793333333333334 0.022 0.036
1 0.9195 0.5973333333333334 0.027 0.02666666666666667
1 0.9155 0.8573333333333333 0.023 0.04
1 0.87 0.892 0.028 0.032
1 0.711 0.8266666666666667 0.024 0.029333333333333333
1 0.6625 0.8 0.027 0.024
1 0.6385 0.814 0.017 0.04133333333333333
1 0.597 0.8586666666666667 0.024 0.037333333333333336
1 0.434 0.822 0.022 0.030666666666666665
1 0.2465 0.7886666666666666 0.021 0.028