1 0.7075 0.32 0.025 0.034666666666666665
1 0.659 0.274 0.032 0.030666666666666665
1 0.631 0.296 0.02 0.048
1 0.5765 0.31466666666666665 0.015 0.024
1 0.588 0.35 0.024 0.04133333333333333
1 0.4185 0.31933333333333336 0.023 0.03333333333333333
1 0.2215 0.27266666666666667 0.021 0.036
1 0.121 0.6206666666666667 0.024 0.04133333333333333
1 0.5515 0.6993333333333334 0.023 0.03333333333333333
1 0.602 0.6413333333333333 0.022 0.04533333333333334
1 0.876 0.4 0.028 0.037333333333333336
1 0.9205 0.36 0.029 0.04
1 0.898 0.6793333333333333 0.018 0.04133333333333333
1 0.938 0.6826666666666666 0.022 0.029333333333333333