1 0.553125 0.7010416666666667 0.04375 0.06875
1 0.3890625 0.928125 0.021875 0.03125
1 0.45234375 0.9020833333333333 0.0203125 0.029166666666666667
1 0.57109375 0.95 0.0171875 0.029166666666666667
1 0.771875 0.9 0.01875 0.029166666666666667
1 0.71484375 0.3145833333333333 0.0484375 0.06666666666666667
1 0.8671875 0.39166666666666666 0.05 0.058333333333333334
1 0.40859375 0.2989583333333333 0.0453125 0.06458333333333334
1 0.121875 0.6239583333333333 0.053125 0.07291666666666667
1 0.53515625 0.06145833333333333 0.0421875 0.06041666666666667
1 0.68203125 0.071875 0.0578125 0.06875
1 0.8296875 0.06979166666666667 0.04375 0.06875
1 0.8859375 0.06145833333333333 0.0375 0.052083333333333336
1 0.9453125 0.071875 0.053125 0.05625
1 0.09140625 0.08333333333333333 0.0421875 0.05
1 0.03359375 0.05625 0.0359375 0.05416666666666667