1 0.6686666666666666 0.0325 0.03333333333333333 0.033
1 0.6946666666666667 0.09 0.042666666666666665 0.016
1 0.6526666666666666 0.273 0.028 0.028
1 0.6673333333333333 0.2995 0.012 0.027
1 0.368 0.376 0.034666666666666665 0.01
1 0.3413333333333333 0.246 0.010666666666666666 0.034
1 0.32 0.045 0.037333333333333336 0.01
1 0.048 0.6905 0.018666666666666668 0.031
1 0.03933333333333333 0.228 0.02266666666666667 0.024
0 0.44666666666666666 0.6545 0.05333333333333334 0.047
0 0.44133333333333336 0.5565 0.072 0.019
0 0.49666666666666665 0.418 0.028 0.044
0 0.464 0.268 0.042666666666666665 0.044
0 0.5186666666666667 0.2665 0.048 0.043