1 0.4736111111111111 0.8703125 0.041666666666666664 0.021875
1 0.6722222222222223 0.7046875 0.027777777777777776 0.0375
1 0.6097222222222223 0.44765625 0.05277777777777778 0.0203125
1 0.6458333333333334 0.38125 0.03611111111111111 0.021875
1 0.6986111111111111 0.26796875 0.04722222222222222 0.0265625
1 0.7013888888888888 0.20625 0.04722222222222222 0.021875
1 0.7472222222222222 0.0984375 0.044444444444444446 0.0375
1 0.7055555555555556 0.34921875 0.027777777777777776 0.0296875
1 0.7472222222222222 0.41796875 0.03888888888888889 0.0203125
1 0.8152777777777778 0.39296875 0.025 0.0203125
1 0.4027777777777778 0.36953125 0.03333333333333333 0.0234375