1 0.375 0.4866666666666667 0.028 0.029333333333333333
1 0.4915 0.408 0.013 0.037333333333333336
1 0.277 0.45666666666666667 0.032 0.02266666666666667
1 0.189 0.49666666666666665 0.022 0.036
1 0.2165 0.5033333333333333 0.027 0.025333333333333333
1 0.081 0.43 0.034 0.02266666666666667
1 0.6095 0.6873333333333334 0.031 0.030666666666666665
1 0.784 0.6913333333333334 0.036 0.03333333333333333
1 0.79 0.7233333333333334 0.03 0.030666666666666665
1 0.922 0.6993333333333334 0.026 0.02266666666666667
1 0.763 0.43 0.024 0.030666666666666665
1 0.6305 0.426 0.033 0.017333333333333333