1 0.1415 0.5106666666666667 0.049 0.08533333333333333
1 0.2665 0.482 0.061 0.07333333333333333
1 0.22 0.8113333333333334 0.042 0.06266666666666666
1 0.3185 0.7866666666666666 0.037 0.06666666666666667
1 0.4065 0.8753333333333333 0.021 0.05733333333333333
1 0.75 0.818 0.058 0.06
1 0.8295 0.786 0.049 0.05466666666666667
1 0.955 0.5266666666666666 0.052 0.07733333333333334
1 0.71 0.6886666666666666 0.052 0.06266666666666666
1 0.608 0.5093333333333333 0.034 0.04533333333333334
1 0.6505 0.19066666666666668 0.035 0.05333333333333334
1 0.5725 0.212 0.041 0.04533333333333334
1 0.592 0.11 0.036 0.05733333333333333
1 0.2265 0.18866666666666668 0.067 0.076
1 0.2175 0.10333333333333333 0.075 0.09733333333333333