1 0.6475 0.03133333333333333 0.029 0.052
1 0.5615 0.050666666666666665 0.033 0.04533333333333334
1 0.261 0.3466666666666667 0.046 0.06133333333333333
1 0.141 0.37 0.044 0.06
1 0.0695 0.46 0.039 0.04533333333333334
1 0.306 0.6246666666666667 0.028 0.04666666666666667
1 0.2385 0.6706666666666666 0.029 0.04533333333333334
1 0.3945 0.714 0.021 0.05733333333333333
1 0.7365 0.6713333333333333 0.039 0.05466666666666667
1 0.7085 0.5513333333333333 0.043 0.05466666666666667
1 0.8195 0.6333333333333333 0.043 0.04533333333333334
1 0.9405 0.392 0.049 0.06933333333333333
1 0.5895 0.36333333333333334 0.025 0.03866666666666667
1 0.6225 0.37666666666666665 0.037 0.044