1 0.7055 0.614 0.039 0.028
0 0.9115 0.4653333333333333 0.027 0.042666666666666665
0 0.94 0.428 0.034 0.018666666666666668
0 0.778 0.422 0.044 0.017333333333333333
0 0.765 0.436 0.042 0.013333333333333334
0 0.6465 0.43266666666666664 0.041 0.02
0 0.521 0.4266666666666667 0.034 0.037333333333333336
0 0.5345 0.382 0.027 0.04933333333333333
0 0.5675 0.438 0.027 0.028
0 0.4705 0.41 0.011 0.04933333333333333
0 0.4485 0.422 0.027 0.017333333333333333
0 0.391 0.44733333333333336 0.032 0.02
0 0.3135 0.434 0.039 0.017333333333333333
0 0.0945 0.4186666666666667 0.017 0.042666666666666665