1 0.2115 0.8213333333333334 0.025 0.04
1 0.4005 0.862 0.027 0.036
1 0.5585 0.8386666666666667 0.015 0.024
1 0.57 0.902 0.028 0.05466666666666667
1 0.6885 0.8733333333333333 0.025 0.037333333333333336
1 0.8965 0.9133333333333333 0.033 0.04
1 0.8475 0.9413333333333334 0.033 0.037333333333333336
1 0.4035 0.938 0.017 0.02266666666666667
1 0.907 0.6346666666666667 0.036 0.032
1 0.6585 0.652 0.029 0.037333333333333336
1 0.8 0.634 0.024 0.04666666666666667
1 0.851 0.6246666666666667 0.028 0.03866666666666667
1 0.5145 0.6213333333333333 0.025 0.04533333333333334
1 0.5805 0.256 0.025 0.064
1 0.282 0.2833333333333333 0.014 0.044
1 0.068 0.57 0.028 0.036
1 0.018 0.5066666666666667 0.022 0.034666666666666665
1 0.036 0.6186666666666667 0.024 0.032
1 0.0895 0.6433333333333333 0.031 0.03333333333333333