1 0.609 0.27466666666666667 0.026 0.064
1 0.94 0.6633333333333333 0.036 0.036
1 0.8845 0.6533333333333333 0.027 0.034666666666666665
1 0.832 0.664 0.026 0.04533333333333334
1 0.6885 0.6853333333333333 0.033 0.037333333333333336
1 0.5375 0.6593333333333333 0.027 0.04666666666666667
1 0.1015 0.6846666666666666 0.031 0.030666666666666665
1 0.0735 0.614 0.029 0.036
1 0.0405 0.6633333333333333 0.025 0.03333333333333333
1 0.027 0.5426666666666666 0.024 0.042666666666666665
1 0.282 0.3233333333333333 0.016 0.03866666666666667
1 0.232 0.8686666666666667 0.026 0.04133333333333333
1 0.4175 0.8893333333333333 0.029 0.037333333333333336
1 0.429 0.966 0.018 0.02266666666666667
1 0.581 0.858 0.016 0.025333333333333333
1 0.59 0.9273333333333333 0.028 0.04933333333333333
1 0.712 0.9006666666666666 0.026 0.03866666666666667
1 0.8655 0.9626666666666667 0.033 0.034666666666666665