1 0.5595 0.7153333333333334 0.033 0.04666666666666667
1 0.716 0.31933333333333336 0.026 0.04133333333333333
1 0.872 0.39866666666666667 0.034 0.034666666666666665
1 0.414 0.30733333333333335 0.03 0.03866666666666667
1 0.425 0.396 0.02 0.02666666666666667
1 0.223 0.25866666666666666 0.026 0.042666666666666665
1 0.035 0.04933333333333333 0.026 0.032
1 0.096 0.064 0.032 0.034666666666666665
1 0.538 0.06 0.024 0.048
1 0.6895 0.08 0.033 0.042666666666666665
1 0.8345 0.07866666666666666 0.025 0.048
1 0.8875 0.07266666666666667 0.029 0.03866666666666667
1 0.944 0.08333333333333333 0.034 0.036
1 0.1035 0.6313333333333333 0.029 0.04933333333333333