1 0.58828125 0.45416666666666666 0.0421875 0.07916666666666666
1 0.7109375 0.7583333333333333 0.059375 0.08333333333333333
1 0.8078125 0.740625 0.0625 0.09375
1 0.95546875 0.47291666666666665 0.0703125 0.12083333333333333
1 0.63671875 0.12916666666666668 0.0484375 0.075
1 0.55078125 0.14375 0.0546875 0.06666666666666667
1 0.56640625 0.04583333333333333 0.0484375 0.09166666666666666
1 0.20546875 0.403125 0.0671875 0.09791666666666667
1 0.12109375 0.44166666666666665 0.0671875 0.09166666666666666
1 0.0328125 0.5166666666666667 0.053125 0.06666666666666667
1 0.240625 0.6885416666666667 0.04375 0.06458333333333334
1 0.29609375 0.7333333333333333 0.0578125 0.07916666666666666
1 0.384375 0.8260416666666667 0.04375 0.06041666666666667