1 0.06 0.156 0.018 0.02666666666666667
1 0.1135 0.17066666666666666 0.023 0.032
1 0.524 0.156 0.024 0.037333333333333336
1 0.6625 0.174 0.023 0.036
1 0.7955 0.168 0.021 0.034666666666666665
1 0.8445 0.15933333333333333 0.021 0.036
1 0.8955 0.16933333333333334 0.027 0.032
1 0.8925 0.42933333333333334 0.023 0.032
1 0.8485 0.464 0.025 0.029333333333333333
1 0.916 0.728 0.018 0.029333333333333333
1 0.873 0.726 0.016 0.036
1 0.692 0.392 0.022 0.02666666666666667
1 0.62 0.374 0.016 0.03866666666666667
1 0.6445 0.358 0.025 0.030666666666666665
1 0.581 0.4246666666666667 0.024 0.03866666666666667
1 0.418 0.39266666666666666 0.022 0.030666666666666665
1 0.235 0.34933333333333333 0.02 0.02666666666666667
1 0.138 0.6866666666666666 0.024 0.032
1 0.5495 0.75 0.021 0.030666666666666665