1 0.1125 0.8203125 0.03333333333333333 0.03125
1 0.23125 0.8450520833333334 0.025 0.033854166666666664
1 0.2947916666666667 0.8606770833333334 0.01875 0.0390625
1 0.378125 0.8463541666666666 0.027083333333333334 0.020833333333333332
1 0.47708333333333336 0.9205729166666666 0.020833333333333332 0.0390625
1 0.740625 0.875 0.022916666666666665 0.026041666666666668
0 0.9510416666666667 0.3528645833333333 0.06875 0.033854166666666664
0 0.5854166666666667 0.35546875 0.05416666666666667 0.028645833333333332
0 0.33958333333333335 0.2994791666666667 0.0625 0.03125
0 0.12916666666666668 0.31640625 0.05416666666666667 0.0390625
0 0.09791666666666667 0.34765625 0.05416666666666667 0.0234375