1 0.56 0.7193333333333334 0.01 0.014666666666666666
1 0.6125 0.71 0.027 0.04933333333333333
1 0.5915 0.3293333333333333 0.009 0.02666666666666667
1 0.8305 0.10733333333333334 0.007 0.02266666666666667
0 0.893 0.5146666666666667 0.038 0.04
0 0.7225 0.5206666666666667 0.019 0.044
0 0.699 0.5126666666666667 0.028 0.04666666666666667
0 0.604 0.494 0.026 0.025333333333333333
0 0.48 0.5186666666666667 0.016 0.04
0 0.456 0.522 0.01 0.04133333333333333
0 0.4495 0.48733333333333334 0.039 0.02266666666666667
0 0.3545 0.49066666666666664 0.033 0.024
0 0.33 0.49933333333333335 0.014 0.04666666666666667
0 0.271 0.5206666666666667 0.018 0.06
0 0.2355 0.5186666666666667 0.017 0.02666666666666667
0 0.2135 0.48733333333333334 0.017 0.014666666666666666
0 0.184 0.4693333333333333 0.012 0.048
0 0.1595 0.4746666666666667 0.033 0.04
0 0.137 0.5233333333333333 0.034 0.04666666666666667