1 0.5665 0.6886666666666666 0.009 0.03866666666666667
1 0.6205 0.632 0.027 0.050666666666666665
1 0.9195 0.6613333333333333 0.017 0.024
1 0.127 0.6073333333333333 0.032 0.014666666666666666
1 0.403 0.3 0.034 0.010666666666666666
1 0.607 0.2926666666666667 0.028 0.03333333333333333
1 0.6405 0.2826666666666667 0.037 0.018666666666666668
1 0.6665 0.25066666666666665 0.025 0.037333333333333336
1 0.714 0.3 0.01 0.02666666666666667
1 0.908 0.3586666666666667 0.02 0.029333333333333333
1 0.537 0.07666666666666666 0.03 0.02
1 0.682 0.08733333333333333 0.028 0.025333333333333333
1 0.808 0.08866666666666667 0.03 0.012
1 0.8625 0.096 0.015 0.037333333333333336
1 0.9175 0.08733333333333333 0.023 0.028
1 0.122 0.07466666666666667 0.03 0.024
0 0.28 0.47333333333333333 0.024 0.08
0 0.149 0.47533333333333333 0.052 0.04933333333333333
0 0.4635 0.4806666666666667 0.015 0.07066666666666667