1 0.39895833333333336 0.7799479166666666 0.04375 0.0703125
1 0.6916666666666667 0.79296875 0.041666666666666664 0.06510416666666667
1 0.8208333333333333 0.85546875 0.05416666666666667 0.06510416666666667
1 0.5635416666666667 0.7630208333333334 0.022916666666666665 0.036458333333333336
1 0.5614583333333333 0.81640625 0.05625 0.07552083333333333
1 0.5 0.5651041666666666 0.0375 0.052083333333333336
1 0.7802083333333333 0.5703125 0.035416666666666666 0.052083333333333336
1 0.8416666666666667 0.5625 0.041666666666666664 0.041666666666666664
1 0.8927083333333333 0.5625 0.04375 0.046875
1 0.5645833333333333 0.22526041666666666 0.0375 0.059895833333333336
1 0.07395833333333333 0.6028645833333334 0.03958333333333333 0.0390625
1 0.015625 0.5729166666666666 0.03125 0.041666666666666664
1 0.051041666666666666 0.5286458333333334 0.035416666666666666 0.041666666666666664