1 0.318 0.0515 0.03333333333333333 0.039
1 0.338 0.249 0.036 0.028
1 0.358 0.2845 0.03866666666666667 0.033
1 0.36466666666666664 0.3415 0.02 0.025
1 0.050666666666666665 0.1885 0.029333333333333333 0.027
1 0.018 0.7425 0.028 0.023
1 0.67 0.686 0.02266666666666667 0.024
1 0.6926666666666667 0.2945 0.03333333333333333 0.021
1 0.642 0.2985 0.03333333333333333 0.021
1 0.6366666666666667 0.261 0.030666666666666665 0.026
1 0.7093333333333334 0.1745 0.04 0.021
1 0.68 0.0885 0.048 0.027
1 0.6193333333333333 0.0675 0.02 0.027
1 0.6513333333333333 0.0285 0.05466666666666667 0.055