1 0.0265 0.58 0.023 0.013333333333333334
1 0.0715 0.6426666666666667 0.007 0.034666666666666665
1 0.1035 0.7233333333333334 0.029 0.025333333333333333
1 0.4265 0.9453333333333334 0.031 0.013333333333333334
1 0.6455 0.9553333333333334 0.025 0.036
1 0.682 0.94 0.032 0.018666666666666668
1 0.714 0.9233333333333333 0.02 0.03866666666666667
1 0.939 0.6893333333333334 0.024 0.024
1 0.882 0.706 0.012 0.03333333333333333
1 0.8215 0.694 0.027 0.014666666666666666
1 0.6895 0.7213333333333334 0.025 0.02666666666666667
1 0.5365 0.7013333333333334 0.027 0.018666666666666668
1 0.9 0.4093333333333333 0.028 0.010666666666666666
1 0.598 0.30733333333333335 0.028 0.017333333333333333
1 0.269 0.316 0.016 0.018666666666666668
1 0.241 0.34933333333333333 0.032 0.010666666666666666
1 0.2085 0.29933333333333334 0.013 0.017333333333333333
0 0.5495 0.476 0.011 0.058666666666666666
0 0.518 0.46066666666666667 0.05 0.025333333333333333
0 0.708 0.48933333333333334 0.016 0.08