1 0.5715 0.36533333333333334 0.019 0.02666666666666667
1 0.545 0.39 0.022 0.028
1 0.5155 0.408 0.023 0.029333333333333333
1 0.6105 0.4146666666666667 0.021 0.029333333333333333
1 0.2015 0.38666666666666666 0.009 0.034666666666666665
1 0.332 0.4266666666666667 0.022 0.021333333333333333
1 0.8085 0.4593333333333333 0.013 0.044
1 0.763 0.472 0.01 0.037333333333333336
1 0.8455 0.7386666666666667 0.025 0.029333333333333333
1 0.5365 0.7106666666666667 0.027 0.034666666666666665
1 0.481 0.7733333333333333 0.016 0.04
1 0.05 0.7033333333333334 0.022 0.025333333333333333
1 0.4545 0.23466666666666666 0.027 0.029333333333333333
1 0.07 0.20266666666666666 0.014 0.04
1 0.0465 0.23733333333333334 0.013 0.034666666666666665
1 0.702 0.236 0.028 0.029333333333333333
1 0.793 0.238 0.01 0.04666666666666667
0 0.583 0.08066666666666666 0.028 0.08933333333333333