1 0.16458333333333333 0.4166666666666667 0.025 0.036458333333333336
1 0.21666666666666667 0.4166666666666667 0.020833333333333332 0.036458333333333336
1 0.15 0.4583333333333333 0.0375 0.026041666666666668
1 0.17604166666666668 0.5130208333333334 0.01875 0.036458333333333336
1 0.15416666666666667 0.5651041666666666 0.03333333333333333 0.036458333333333336
1 0.23333333333333334 0.6197916666666666 0.03333333333333333 0.020833333333333332
1 0.44895833333333335 0.5651041666666666 0.03125 0.026041666666666668
1 0.4395833333333333 0.4869791666666667 0.029166666666666667 0.020833333333333332
1 0.3458333333333333 0.4778645833333333 0.029166666666666667 0.028645833333333332
1 0.31979166666666664 0.4895833333333333 0.022916666666666665 0.03125
1 0.2947916666666667 0.4361979166666667 0.027083333333333334 0.0234375
1 0.2916666666666667 0.41796875 0.020833333333333332 0.0234375
1 0.7385416666666667 0.8138020833333334 0.03125 0.0390625
1 0.8583333333333333 0.5911458333333334 0.029166666666666667 0.03125
1 0.9166666666666666 0.62890625 0.016666666666666666 0.028645833333333332
1 0.9 0.4895833333333333 0.020833333333333332 0.026041666666666668
1 0.88125 0.47265625 0.020833333333333332 0.028645833333333332
0 0.6947916666666667 0.4830729166666667 0.09375 0.11197916666666667