1 0.0390625 0.5680555555555555 0.021875 0.030555555555555555
1 0.80859375 0.22083333333333333 0.0265625 0.025
1 0.59375 0.29583333333333334 0.01875 0.025
1 0.175 0.2638888888888889 0.021875 0.027777777777777776
1 0.13359375 0.39305555555555555 0.0171875 0.025
1 0.15078125 0.41944444444444445 0.0171875 0.027777777777777776
1 0.6015625 0.40694444444444444 0.025 0.019444444444444445
1 0.87421875 0.49444444444444446 0.0203125 0.03333333333333333
1 0.88828125 0.44166666666666665 0.0296875 0.027777777777777776
1 0.81953125 0.5055555555555555 0.0171875 0.03888888888888889
1 0.740625 0.48194444444444445 0.025 0.019444444444444445
1 0.8703125 0.3611111111111111 0.021875 0.03888888888888889
1 0.8828125 0.28194444444444444 0.025 0.04722222222222222
0 0.3328125 0.4013888888888889 0.096875 0.16944444444444445
1 0.25546875 0.3236111111111111 0.0203125 0.03611111111111111
1 0.24765625 0.3013888888888889 0.0234375 0.025