1 0.213 0.3313333333333333 0.016 0.03866666666666667
1 0.2845 0.30933333333333335 0.035 0.021333333333333333
1 0.378 0.33866666666666667 0.036 0.016
1 0.5045 0.2693333333333333 0.013 0.034666666666666665
1 0.7515 0.29333333333333333 0.029 0.04
1 0.106 0.2733333333333333 0.034 0.024
0 0.3 0.4513333333333333 0.042 0.07066666666666667
0 0.5635 0.462 0.093 0.036
0 0.6205 0.49466666666666664 0.065 0.037333333333333336
0 0.715 0.438 0.088 0.10266666666666667
0 0.815 0.4593333333333333 0.078 0.025333333333333333
0 0.874 0.43133333333333335 0.08 0.04666666666666667
0 0.887 0.52 0.092 0.042666666666666665
1 0.9145 0.5753333333333334 0.039 0.014666666666666666
1 0.5975 0.53 0.033 0.03333333333333333