1 0.594 0.38466666666666666 0.024 0.030666666666666665
1 0.6225 0.4046666666666667 0.027 0.030666666666666665
1 0.7065 0.5606666666666666 0.029 0.03333333333333333
1 0.737 0.6806666666666666 0.026 0.03866666666666667
1 0.8165 0.6446666666666667 0.025 0.030666666666666665
1 0.939 0.412 0.028 0.04
1 0.27 0.3586666666666667 0.032 0.037333333333333336
1 0.1475 0.38666666666666666 0.035 0.034666666666666665
1 0.0795 0.4713333333333333 0.031 0.030666666666666665
1 0.2455 0.676 0.021 0.032
1 0.3105 0.6386666666666667 0.021 0.034666666666666665
1 0.3975 0.7206666666666667 0.017 0.044
1 0.226 0.04733333333333333 0.032 0.06
1 0.5705 0.07333333333333333 0.019 0.029333333333333333
1 0.656 0.06 0.018 0.034666666666666665