1 0.54296875 0.6114583333333333 0.0296875 0.05625
1 0.6828125 0.6291666666666667 0.04375 0.04583333333333333
1 0.8296875 0.615625 0.03125 0.06041666666666667
1 0.884375 0.6052083333333333 0.034375 0.052083333333333336
1 0.94140625 0.6145833333333334 0.0421875 0.05416666666666667
1 0.7296875 0.8645833333333334 0.03125 0.05416666666666667
1 0.86953125 0.9291666666666667 0.0359375 0.05
1 0.584375 0.8864583333333333 0.03125 0.07291666666666667
1 0.41796875 0.8520833333333333 0.0328125 0.05
1 0.2390625 0.825 0.03125 0.058333333333333334
1 0.4328125 0.93125 0.025 0.041666666666666664
1 0.08203125 0.5625 0.0265625 0.05
1 0.1078125 0.6427083333333333 0.0375 0.04375
1 0.04453125 0.615625 0.0296875 0.04791666666666667
1 0.03515625 0.503125 0.0296875 0.06041666666666667
1 0.615625 0.23645833333333333 0.028125 0.06875