1 0.0355 0.5726666666666667 0.023 0.03333333333333333
1 0.0895 0.6346666666666667 0.029 0.037333333333333336
1 0.1145 0.7093333333333334 0.031 0.032
1 0.0595 0.686 0.027 0.030666666666666665
1 0.534 0.6693333333333333 0.024 0.042666666666666665
1 0.676 0.6926666666666667 0.028 0.036
1 0.811 0.6653333333333333 0.024 0.042666666666666665
1 0.86 0.6553333333333333 0.026 0.03866666666666667
1 0.9145 0.6613333333333333 0.035 0.034666666666666665
1 0.9055 0.9286666666666666 0.031 0.036
1 0.8585 0.958 0.033 0.036
1 0.707 0.9026666666666666 0.024 0.037333333333333336
1 0.5935 0.938 0.025 0.052
1 0.4265 0.9053333333333333 0.027 0.034666666666666665
1 0.2425 0.878 0.023 0.04133333333333333
1 0.227 0.33 0.018 0.03866666666666667
1 0.295 0.336 0.014 0.042666666666666665
1 0.593 0.306 0.026 0.06