1 0.5555 0.21 0.041 0.030666666666666665
1 0.1755 0.5826666666666667 0.049 0.042666666666666665
1 0.221 0.914 0.012 0.07066666666666667
1 0.094 0.9486666666666667 0.02 0.06
1 0.548 0.614 0.04 0.02266666666666667
1 0.66 0.586 0.028 0.04933333333333333
1 0.828 0.5086666666666667 0.056 0.04666666666666667
1 0.4805 0.31133333333333335 0.033 0.04133333333333333
1 0.5815 0.5113333333333333 0.029 0.03333333333333333
0 0.1405 0.31 0.059 0.10533333333333333
0 0.4825 0.374 0.061 0.068
0 0.736 0.42533333333333334 0.022 0.09333333333333334