1 0.5807291666666666 0.45625 0.026041666666666668 0.03333333333333333
1 0.49609375 0.54375 0.018229166666666668 0.025
1 0.4895833333333333 0.70625 0.03125 0.025
1 0.60546875 0.20416666666666666 0.0390625 0.025
1 0.5078125 0.259375 0.020833333333333332 0.027083333333333334
1 0.5286458333333334 0.33645833333333336 0.036458333333333336 0.022916666666666665
1 0.7434895833333334 0.06145833333333333 0.0234375 0.035416666666666666
1 0.84765625 0.057291666666666664 0.0234375 0.035416666666666666
1 0.8190104166666666 0.7458333333333333 0.033854166666666664 0.016666666666666666
1 0.3033854166666667 0.46979166666666666 0.0546875 0.04375
1 0.22786458333333334 0.8916666666666667 0.059895833333333336 0.058333333333333334