1 0.659375 0.5453125 0.022916666666666665 0.021875
1 0.7020833333333333 0.3625 0.03333333333333333 0.025
1 0.7208333333333333 0.42265625 0.025 0.0171875
1 0.753125 0.46171875 0.027083333333333334 0.0265625
1 0.7260416666666667 0.6671875 0.022916666666666665 0.01875
1 0.7291666666666666 0.75 0.020833333333333332 0.021875
1 0.6229166666666667 0.79921875 0.020833333333333332 0.0203125
1 0.46458333333333335 0.94609375 0.029166666666666667 0.0234375
1 0.3614583333333333 0.946875 0.027083333333333334 0.025
1 0.40208333333333335 0.2578125 0.025 0.01875
1 0.3458333333333333 0.27890625 0.020833333333333332 0.0171875
1 0.33541666666666664 0.25546875 0.025 0.0140625