1 0.3888888888888889 0.20625 0.05555555555555555 0.03125
1 0.24305555555555555 0.26015625 0.03611111111111111 0.0421875
1 0.2111111111111111 0.18046875 0.03333333333333333 0.0328125
1 0.575 0.0609375 0.03333333333333333 0.0375
1 0.7402777777777778 0.05703125 0.03611111111111111 0.0359375
1 0.3402777777777778 0.4625 0.03611111111111111 0.0375
1 0.44722222222222224 0.49296875 0.03888888888888889 0.0171875
1 0.2569444444444444 0.3375 0.058333333333333334 0.025
1 0.21666666666666667 0.70859375 0.03888888888888889 0.0265625
1 0.7 0.7515625 0.05 0.028125
1 0.21944444444444444 0.5484375 0.027777777777777776 0.025