1 0.640625 0.3125 0.040625 0.05416666666666667
1 0.75078125 0.29270833333333335 0.0546875 0.06041666666666667
1 0.6953125 0.31354166666666666 0.05 0.07291666666666667
1 0.953125 0.26875 0.071875 0.075
1 0.92890625 0.5854166666666667 0.0421875 0.05416666666666667
1 0.79375 0.84375 0.01875 0.020833333333333332
1 0.86484375 0.91875 0.0171875 0.025
1 0.8546875 0.9541666666666667 0.0125 0.020833333333333332
1 0.7046875 0.98125 0.0125 0.020833333333333332
1 0.59375 0.9760416666666667 0.01875 0.014583333333333334
1 0.19453125 0.8489583333333334 0.0265625 0.014583333333333334
1 0.1578125 0.9302083333333333 0.01875 0.014583333333333334
1 0.17109375 0.9614583333333333 0.0140625 0.022916666666666665
0 0.57890625 0.4239583333333333 0.0890625 0.06041666666666667