1 0.58 0.27466666666666667 0.026 0.042666666666666665
1 0.5 0.3566666666666667 0.032 0.04133333333333333
1 0.2285 0.612 0.031 0.064
1 0.322 0.554 0.042 0.03866666666666667
1 0.3505 0.578 0.025 0.03333333333333333
1 0.598 0.558 0.028 0.03866666666666667
1 0.6595 0.6126666666666667 0.017 0.03333333333333333
1 0.5715 0.6466666666666666 0.019 0.029333333333333333
1 0.8305 0.5553333333333333 0.029 0.076
1 0.2685 0.93 0.031 0.044
1 0.1465 0.954 0.033 0.03866666666666667
1 0.594 0.9386666666666666 0.022 0.04
1 0.623 0.9713333333333334 0.026 0.030666666666666665