1 0.5855 0.278 0.023 0.05733333333333333
1 0.012 0.5486666666666666 0.02 0.04133333333333333
1 0.0635 0.61 0.023 0.04133333333333333
1 0.088 0.684 0.026 0.034666666666666665
1 0.03 0.664 0.022 0.029333333333333333
1 0.524 0.652 0.024 0.037333333333333336
1 0.671 0.6746666666666666 0.024 0.037333333333333336
1 0.8125 0.652 0.023 0.037333333333333336
1 0.863 0.6353333333333333 0.024 0.03333333333333333
1 0.9175 0.654 0.031 0.03333333333333333
1 0.9135 0.9226666666666666 0.027 0.037333333333333336
1 0.868 0.962 0.026 0.03333333333333333
1 0.702 0.896 0.026 0.032
1 0.6535 0.8686666666666667 0.031 0.03333333333333333
1 0.627 0.886 0.018 0.044
1 0.572 0.8606666666666667 0.018 0.02
1 0.5835 0.9326666666666666 0.027 0.04133333333333333
1 0.2175 0.8733333333333333 0.021 0.034666666666666665
1 0.414 0.896 0.024 0.032