1 0.049 0.7933333333333333 0.056 0.056
1 0.4515 0.5773333333333334 0.059 0.037333333333333336
1 0.743 0.854 0.058 0.12666666666666668
1 0.7095 0.2793333333333333 0.049 0.052
1 0.5995 0.06066666666666667 0.039 0.04133333333333333
1 0.5875 0.15133333333333332 0.037 0.084
0 0.542 0.17066666666666666 0.022 0.14933333333333335
0 0.4325 0.17066666666666666 0.121 0.10133333333333333
0 0.296 0.194 0.062 0.09733333333333333
0 0.1765 0.21133333333333335 0.075 0.076
0 0.059 0.20733333333333334 0.044 0.11066666666666666
1 0.1445 0.08066666666666666 0.041 0.044
1 0.0255 0.07066666666666667 0.035 0.024