1 0.419 0.958 0.034 0.017333333333333333
1 0.6315 0.962 0.029 0.03866666666666667
1 0.666 0.948 0.036 0.021333333333333333
1 0.693 0.9246666666666666 0.024 0.036
1 0.7415 0.9486666666666667 0.011 0.028
1 0.555 0.726 0.03 0.02
1 0.707 0.7413333333333333 0.028 0.024
1 0.8375 0.7106666666666667 0.031 0.010666666666666666
1 0.8945 0.72 0.015 0.029333333333333333
1 0.951 0.7 0.024 0.02666666666666667
1 0.088 0.682 0.008 0.030666666666666665
1 0.1195 0.7646666666666667 0.031 0.02266666666666667
1 0.0405 0.618 0.025 0.014666666666666666
1 0.905 0.41733333333333333 0.03 0.010666666666666666
1 0.613 0.3273333333333333 0.03 0.017333333333333333
1 0.282 0.3393333333333333 0.016 0.017333333333333333
1 0.2585 0.37666666666666665 0.033 0.017333333333333333
1 0.2225 0.33066666666666666 0.011 0.021333333333333333
0 0.5325 0.48 0.053 0.029333333333333333
0 0.566 0.496 0.012 0.064
0 0.722 0.518 0.016 0.084