1 0.603125 0.16111111111111112 0.0375 0.08888888888888889
1 0.0453125 0.5041666666666667 0.034375 0.06388888888888888
1 0.05234375 0.65 0.0359375 0.05555555555555555
1 0.11328125 0.6902777777777778 0.0421875 0.04722222222222222
1 0.5375 0.6625 0.040625 0.06944444444444445
1 0.6765625 0.6833333333333333 0.040625 0.05555555555555555
1 0.81875 0.6763888888888889 0.0375 0.06944444444444445
1 0.8765625 0.6555555555555556 0.0375 0.05
1 0.92890625 0.6763888888888889 0.0421875 0.05277777777777778
1 0.88671875 0.2902777777777778 0.0390625 0.08055555555555556
1 0.434375 0.9486111111111111 0.040625 0.09166666666666666
1 0.28828125 0.19305555555555556 0.0359375 0.05277777777777778