1 0.5515625 0.7239583333333334 0.040625 0.05625
1 0.6046875 0.6552083333333333 0.034375 0.06458333333333334
1 0.8640625 0.39791666666666664 0.040625 0.05
1 0.71875 0.321875 0.034375 0.04791666666666667
1 0.4015625 0.31666666666666665 0.03125 0.05416666666666667
1 0.41484375 0.40729166666666666 0.0234375 0.035416666666666666
1 0.21796875 0.27291666666666664 0.0296875 0.05416666666666667
1 0.1 0.6416666666666667 0.03125 0.0625
1 0.08515625 0.08645833333333333 0.0390625 0.04375
1 0.025 0.06354166666666666 0.028125 0.03958333333333333
1 0.52578125 0.06354166666666666 0.0359375 0.06458333333333334
1 0.67265625 0.07708333333333334 0.0421875 0.05416666666666667
1 0.8234375 0.078125 0.034375 0.06458333333333334
1 0.8796875 0.06666666666666667 0.034375 0.0625
1 0.9375 0.07708333333333334 0.04375 0.058333333333333334